product_id,price,option,date_created,is_immediate_delivery_item
12831,110000,255,2025-02-15T14:17:34Z,true
12831,111000,250,2025-02-15T14:14:30Z,true
12831,111000,265,2025-02-15T14:14:23Z,true
12831,104000,260,2025-02-15T14:14:18Z,true
12831,115000,270,2025-02-15T14:12:46Z,true
12831,113000,270,2025-02-15T14:02:32Z,false
12831,113000,270,2025-02-15T14:01:21Z,false
12831,116000,270,2025-02-15T13:59:57Z,true
12831,113000,270,2025-02-15T13:56:53Z,false
12831,109000,250,2025-02-15T13:56:46Z,false
12831,110000,255,2025-02-15T13:56:46Z,false
12831,112000,280,2025-02-15T13:55:43Z,true
12831,109000,255,2025-02-15T13:53:35Z,false
12831,109000,255,2025-02-15T13:50:43Z,false
12831,110000,265,2025-02-15T13:44:24Z,false
12831,110000,275,2025-02-15T13:44:12Z,false
12831,113000,260,2025-02-15T13:34:47Z,true
12831,113000,280,2025-02-15T13:27:45Z,true
12831,112000,260,2025-02-15T13:26:12Z,true
12831,110000,260,2025-02-15T13:18:27Z,false
12831,114000,260,2025-02-15T13:12:45Z,true
12831,125000,245,2025-02-15T13:07:59Z,true
12831,110000,275,2025-02-15T13:06:41Z,false
12831,130000,295,2025-02-15T13:03:09Z,true
12831,125000,245,2025-02-15T13:03:07Z,true
12831,117000,270,2025-02-15T13:01:24Z,true
12831,114000,270,2025-02-15T12:57:56Z,false
12831,111000,250,2025-02-15T12:55:10Z,true
12831,116000,285,2025-02-15T12:53:52Z,true
12831,104000,285,2025-02-15T12:51:46Z,true
12831,113000,265,2025-02-15T12:50:58Z,true
12831,113000,265,2025-02-15T12:48:06Z,true
12831,110000,255,2025-02-15T12:46:49Z,true
12831,110000,260,2025-02-15T12:46:42Z,false
12831,117000,270,2025-02-15T12:45:47Z,true
12831,114000,275,2025-02-15T12:44:50Z,true
12831,117000,270,2025-02-15T12:40:14Z,true
12831,114000,270,2025-02-15T12:35:46Z,false
12831,111000,250,2025-02-15T12:30:43Z,true
12831,116000,285,2025-02-15T12:27:20Z,true
12831,110000,260,2025-02-15T12:26:47Z,false
12831,117000,270,2025-02-15T12:17:19Z,true
12831,113000,265,2025-02-15T12:09:04Z,true
12831,113000,265,2025-02-15T12:08:08Z,true
12831,113000,265,2025-02-15T12:02:27Z,true
12831,111000,250,2025-02-15T12:02:27Z,true
12831,125000,245,2025-02-15T12:02:14Z,true
12831,105000,285,2025-02-15T12:00:03Z,false
12831,111000,250,2025-02-15T11:46:12Z,true
12831,117000,270,2025-02-15T11:43:33Z,true
12831,117000,270,2025-02-15T11:36:39Z,true
12831,113000,280,2025-02-15T11:35:55Z,false
12831,110000,255,2025-02-15T11:35:07Z,true
12831,113000,280,2025-02-15T11:34:26Z,true
12831,110000,255,2025-02-15T11:31:56Z,true
12831,105000,290,2025-02-15T11:31:56Z,false
12831,117000,270,2025-02-15T11:28:50Z,true
12831,113000,265,2025-02-15T11:27:02Z,true
12831,115000,285,2025-02-15T11:23:40Z,true
12831,111000,275,2025-02-15T11:19:57Z,false
12831,134000,240,2025-02-15T11:18:37Z,true
12831,110000,250,2025-02-15T11:18:23Z,false
12831,114000,275,2025-02-15T11:17:43Z,true
12831,105000,275,2025-02-15T11:14:56Z,true
12831,105000,275,2025-02-15T11:14:39Z,true
12831,105000,285,2025-02-15T11:13:48Z,false
12831,110000,255,2025-02-15T11:13:24Z,true
12831,110000,255,2025-02-15T11:12:32Z,true
12831,117000,270,2025-02-15T11:11:48Z,true
12831,113000,265,2025-02-15T11:06:29Z,true
12831,117000,270,2025-02-15T11:00:15Z,true
12831,114000,275,2025-02-15T10:59:15Z,true
12831,110000,255,2025-02-15T10:56:33Z,true
12831,114000,260,2025-02-15T10:53:55Z,true
12831,113000,280,2025-02-15T10:51:52Z,false
12831,109000,260,2025-02-15T10:48:27Z,false
12831,114000,270,2025-02-15T10:47:09Z,false
12831,114000,275,2025-02-15T10:46:56Z,true
12831,114000,275,2025-02-15T10:46:51Z,true
12831,113000,265,2025-02-15T10:42:32Z,true
12831,109000,290,2025-02-15T10:39:48Z,true
12831,125000,245,2025-02-15T10:37:12Z,true
12831,113000,280,2025-02-15T10:34:51Z,true
12831,113000,265,2025-02-15T10:32:23Z,true
12831,109000,270,2025-02-15T10:28:18Z,true
12831,114000,270,2025-02-15T10:26:23Z,false
12831,105000,285,2025-02-15T10:25:05Z,false
12831,109000,260,2025-02-15T10:23:22Z,false
12831,109000,260,2025-02-15T10:22:11Z,false
12831,114000,270,2025-02-15T10:21:58Z,false
12831,114000,275,2025-02-15T10:20:31Z,true
12831,117000,270,2025-02-15T10:17:31Z,true
12831,109000,260,2025-02-15T10:17:23Z,false
12831,114000,270,2025-02-15T10:16:46Z,false
12831,117000,270,2025-02-15T10:16:00Z,true
12831,105000,285,2025-02-15T10:15:21Z,false
12831,111000,275,2025-02-15T10:14:45Z,false
12831,114000,260,2025-02-15T10:12:03Z,true
12831,110000,270,2025-02-15T10:09:09Z,false
12831,117000,270,2025-02-15T10:01:52Z,true
12831,100000,300,2025-02-15T10:00:47Z,false
12831,117000,270,2025-02-15T10:00:35Z,true
12831,111000,265,2025-02-15T09:50:15Z,false
12831,114000,275,2025-02-15T09:49:09Z,true
12831,105000,290,2025-02-15T09:46:33Z,false
12831,114000,260,2025-02-15T09:43:46Z,true
12831,113000,265,2025-02-15T09:42:23Z,true
12831,110000,270,2025-02-15T09:39:41Z,true
12831,114000,275,2025-02-15T09:39:30Z,true
12831,110000,255,2025-02-15T09:38:58Z,false
12831,110000,250,2025-02-15T09:36:04Z,false
12831,114000,275,2025-02-15T09:35:42Z,true
12831,111000,265,2025-02-15T09:35:11Z,false
12831,113000,275,2025-02-15T09:33:21Z,true
12831,113000,275,2025-02-15T09:32:26Z,true
12831,111000,255,2025-02-15T09:29:30Z,true
12831,111000,265,2025-02-15T09:27:37Z,false
12831,111000,255,2025-02-15T09:25:38Z,true
12831,111000,275,2025-02-15T09:24:23Z,false
12831,114000,270,2025-02-15T09:20:26Z,false
12831,111000,265,2025-02-15T09:17:23Z,false
12831,109000,255,2025-02-15T09:12:46Z,false
12831,113000,265,2025-02-15T09:08:24Z,true
12831,111000,255,2025-02-15T09:07:29Z,true
12831,112000,280,2025-02-15T09:07:10Z,true
12831,113000,280,2025-02-15T09:05:02Z,false
12831,109000,260,2025-02-15T09:02:14Z,false
12831,116000,270,2025-02-15T09:00:55Z,true
12831,113000,260,2025-02-15T08:57:50Z,true
12831,113000,265,2025-02-15T08:54:36Z,true
12831,113000,265,2025-02-15T08:52:00Z,true
12831,109000,250,2025-02-15T08:43:58Z,false
12831,111000,265,2025-02-15T08:43:41Z,false
12831,114000,275,2025-02-15T08:40:30Z,true
12831,99000,300,2025-02-15T08:36:39Z,false
12831,110000,270,2025-02-15T08:33:55Z,true
12831,113000,265,2025-02-15T08:33:18Z,true
12831,114000,275,2025-02-15T08:31:39Z,true
12831,112000,280,2025-02-15T08:30:17Z,true
12831,109000,290,2025-02-15T08:30:14Z,true
12831,114000,260,2025-02-15T08:28:54Z,true
12831,105000,275,2025-02-15T08:17:38Z,true
12831,123000,245,2025-02-15T08:08:02Z,false
12831,117000,270,2025-02-15T08:07:43Z,true
12831,117000,270,2025-02-15T08:06:55Z,true
12831,110000,270,2025-02-15T08:02:56Z,true
12831,113000,265,2025-02-15T08:02:32Z,true
12831,114000,260,2025-02-15T07:57:37Z,true
12831,114000,270,2025-02-15T07:56:48Z,false
12831,110000,255,2025-02-15T07:56:00Z,true
12831,109000,260,2025-02-15T07:54:32Z,false
12831,111000,275,2025-02-15T07:53:57Z,false
12831,117000,270,2025-02-15T07:53:27Z,true
12831,111000,255,2025-02-15T07:49:35Z,true
12831,114000,275,2025-02-15T07:49:30Z,true
12831,134000,240,2025-02-15T07:48:10Z,true
12831,116000,285,2025-02-15T07:48:10Z,true
12831,113000,265,2025-02-15T07:46:51Z,true
12831,134000,240,2025-02-15T07:39:44Z,true
12831,113000,280,2025-02-15T07:37:22Z,true
12831,117000,270,2025-02-15T07:36:21Z,true
12831,110000,250,2025-02-15T07:31:01Z,true
12831,113000,265,2025-02-15T07:29:36Z,true
12831,109000,280,2025-02-15T07:29:35Z,false
12831,117000,270,2025-02-15T07:21:01Z,true
12831,117000,270,2025-02-15T07:05:08Z,true
12831,113000,265,2025-02-15T07:04:53Z,true
12831,108000,280,2025-02-15T07:02:55Z,true
12831,107000,265,2025-02-15T06:54:17Z,true
12831,108000,250,2025-02-15T06:51:26Z,true
12831,122000,245,2025-02-15T06:49:36Z,false
12831,113000,265,2025-02-15T06:44:55Z,true
12831,114000,260,2025-02-15T06:41:54Z,true
12831,111000,265,2025-02-15T06:41:08Z,false
12831,111000,255,2025-02-15T06:39:38Z,true
12831,110000,270,2025-02-15T06:36:23Z,true
12831,100000,300,2025-02-15T06:35:21Z,false
12831,105000,275,2025-02-15T06:31:54Z,true
12831,113000,275,2025-02-15T06:31:47Z,true
12831,109000,250,2025-02-15T06:24:15Z,false
12831,117000,270,2025-02-15T06:22:02Z,true
12831,112000,280,2025-02-15T06:21:53Z,false
12831,113000,275,2025-02-15T06:19:19Z,true
12831,117000,270,2025-02-15T06:16:33Z,true
12831,109000,260,2025-02-15T06:14:41Z,false
12831,113000,265,2025-02-15T06:14:19Z,true
12831,109000,260,2025-02-15T06:13:51Z,false
12831,114000,270,2025-02-15T06:13:47Z,false
12831,108000,265,2025-02-15T06:13:15Z,true
12831,111000,255,2025-02-15T06:09:35Z,true
12831,112000,280,2025-02-15T06:03:13Z,false
12831,105000,255,2025-02-15T05:55:40Z,false
12831,104000,250,2025-02-15T05:53:38Z,false
12831,113000,280,2025-02-15T05:49:36Z,true
12831,113000,265,2025-02-15T05:47:27Z,true
12831,113000,265,2025-02-15T05:40:29Z,true
12831,109000,260,2025-02-15T05:35:27Z,false
12831,113000,265,2025-02-15T05:34:03Z,true
12831,111000,275,2025-02-15T05:26:34Z,false
12831,113000,265,2025-02-15T05:23:12Z,true
12831,114000,275,2025-02-15T05:22:02Z,true
12831,105000,275,2025-02-15T05:22:01Z,true
12831,104000,285,2025-02-15T05:14:27Z,false
12831,108000,290,2025-02-15T05:12:13Z,true
12831,114000,275,2025-02-15T05:07:20Z,true
12831,113000,260,2025-02-15T05:04:32Z,true
12831,114000,275,2025-02-15T05:02:30Z,true
12831,113000,280,2025-02-15T05:01:53Z,true
12831,114000,275,2025-02-15T04:53:48Z,true
12831,114000,270,2025-02-15T04:44:25Z,false
12831,110000,255,2025-02-15T04:42:38Z,true
12831,104000,285,2025-02-15T04:42:13Z,false
12831,106000,275,2025-02-15T04:39:31Z,false
12831,113000,270,2025-02-15T04:30:43Z,false
12831,114000,260,2025-02-15T04:26:39Z,true
12831,107000,290,2025-02-15T04:25:08Z,true
12831,110000,270,2025-02-15T04:17:04Z,true
12831,117000,270,2025-02-15T04:13:21Z,true
12831,112000,280,2025-02-15T04:10:47Z,true
12831,114000,260,2025-02-15T04:07:30Z,true
12831,108000,270,2025-02-15T03:59:10Z,true
12831,113000,265,2025-02-15T03:54:29Z,true
12831,113000,260,2025-02-15T03:54:29Z,true
12831,116000,270,2025-02-15T03:50:23Z,true
12831,111000,270,2025-02-15T03:38:47Z,false
12831,117000,270,2025-02-15T03:37:15Z,true
12831,110000,255,2025-02-15T03:33:46Z,true
12831,114000,275,2025-02-15T03:31:32Z,true
12831,113000,280,2025-02-15T03:30:18Z,true
12831,114000,275,2025-02-15T03:26:53Z,true
12831,111000,265,2025-02-15T03:26:34Z,false
12831,113000,275,2025-02-15T03:23:05Z,true
12831,109000,255,2025-02-15T03:17:10Z,false
12831,111000,275,2025-02-15T03:16:51Z,false
12831,110000,250,2025-02-15T03:13:32Z,false
12831,109000,260,2025-02-15T03:13:32Z,false
12831,113000,280,2025-02-15T03:12:24Z,true
12831,113000,275,2025-02-15T03:02:37Z,true
12831,116000,270,2025-02-15T02:54:41Z,true
12831,113000,275,2025-02-15T02:49:08Z,true
12831,113000,280,2025-02-15T02:40:42Z,true
12831,117000,295,2025-02-15T02:40:34Z,true
12831,116000,270,2025-02-15T02:36:26Z,true
12831,110000,255,2025-02-15T02:33:22Z,true
12831,113000,265,2025-02-15T02:29:12Z,true
12831,109000,260,2025-02-15T02:28:02Z,false
12831,108000,290,2025-02-15T02:23:57Z,true
12831,105000,275,2025-02-15T02:23:11Z,true
12831,113000,260,2025-02-15T02:20:34Z,true
12831,106000,285,2025-02-15T02:18:34Z,true
12831,113000,265,2025-02-15T02:17:40Z,true
12831,113000,265,2025-02-15T02:08:05Z,true
12831,111000,275,2025-02-15T02:03:04Z,false
12831,111000,250,2025-02-15T02:01:36Z,true
12831,109000,255,2025-02-15T01:55:33Z,false
12831,111000,250,2025-02-15T01:53:52Z,true
12831,109000,255,2025-02-15T01:50:38Z,false
12831,109000,255,2025-02-15T01:42:19Z,false
12831,133000,240,2025-02-15T01:28:29Z,false
12831,113000,265,2025-02-15T01:27:38Z,true
12831,113000,275,2025-02-15T01:22:53Z,true
12831,132000,240,2025-02-15T01:13:14Z,false
12831,114000,260,2025-02-15T00:49:00Z,true
12831,104000,285,2025-02-15T00:41:55Z,false
12831,108000,265,2025-02-15T00:20:25Z,true
12831,109000,255,2025-02-15T00:19:22Z,false
12831,111000,275,2025-02-15T00:19:22Z,false
12831,112000,265,2025-02-15T00:05:41Z,false
12831,106000,260,2025-02-15T00:03:05Z,true
12831,113000,280,2025-02-14T23:56:50Z,true
12831,125000,245,2025-02-14T23:54:40Z,true
12831,113000,280,2025-02-14T23:31:01Z,true
12831,106000,260,2025-02-14T23:23:57Z,true
12831,125000,245,2025-02-14T23:10:42Z,true
12831,113000,265,2025-02-14T22:44:53Z,true
12831,116000,270,2025-02-14T22:37:36Z,true
12831,113000,260,2025-02-14T21:48:13Z,true
12831,113000,265,2025-02-14T21:39:53Z,true
12831,113000,260,2025-02-14T20:34:56Z,true
12831,116000,270,2025-02-14T20:18:08Z,true
12831,113000,280,2025-02-14T20:15:56Z,true
12831,113000,280,2025-02-14T19:27:13Z,true
12831,112000,280,2025-02-14T19:22:07Z,true
12831,114000,270,2025-02-14T19:07:20Z,false
12831,112000,280,2025-02-14T18:17:35Z,true
12831,108000,265,2025-02-14T18:13:59Z,true
12831,116000,270,2025-02-14T18:06:45Z,true
12831,112000,280,2025-02-14T18:01:35Z,true
12831,134000,240,2025-02-14T17:40:06Z,true
12831,110000,260,2025-02-14T17:35:35Z,false
12831,105000,285,2025-02-14T17:15:22Z,true
12831,112000,265,2025-02-14T17:13:43Z,true
12831,111000,250,2025-02-14T17:02:00Z,true
12831,113000,275,2025-02-14T17:00:36Z,true
12831,113000,275,2025-02-14T16:57:06Z,true
12831,112000,265,2025-02-14T16:53:10Z,true
12831,111000,255,2025-02-14T16:49:33Z,true
12831,108000,265,2025-02-14T16:46:32Z,true
12831,117000,270,2025-02-14T16:39:38Z,true
12831,110000,260,2025-02-14T16:31:23Z,false
12831,116000,270,2025-02-14T16:24:56Z,true
12831,113000,260,2025-02-14T16:21:19Z,true
12831,116000,270,2025-02-14T16:20:41Z,true
12831,108000,265,2025-02-14T16:20:40Z,true
12831,98000,300,2025-02-14T16:17:45Z,true
12831,114000,275,2025-02-14T16:12:00Z,true
12831,108000,280,2025-02-14T16:09:16Z,true
12831,111000,250,2025-02-14T16:04:14Z,true
12831,110000,260,2025-02-14T15:45:43Z,false
12831,114000,265,2025-02-14T15:43:12Z,true
12831,114000,265,2025-02-14T15:42:21Z,true
12831,114000,265,2025-02-14T15:38:44Z,true
12831,114000,270,2025-02-14T15:31:04Z,false
12831,110000,275,2025-02-14T15:29:47Z,false
12831,111000,250,2025-02-14T15:28:34Z,true
12831,111000,250,2025-02-14T15:17:44Z,true
12831,112000,265,2025-02-14T15:06:57Z,false
12831,112000,280,2025-02-14T15:06:44Z,false
12831,114000,280,2025-02-14T15:02:03Z,true
12831,113000,270,2025-02-14T14:59:38Z,false
12831,111000,255,2025-02-14T14:54:37Z,true
12831,109000,280,2025-02-14T14:52:54Z,true
12831,112000,265,2025-02-14T14:48:26Z,false
12831,114000,260,2025-02-14T14:46:02Z,true
12831,114000,280,2025-02-14T14:41:34Z,true
12831,114000,260,2025-02-14T14:41:20Z,true
12831,114000,275,2025-02-14T14:34:41Z,true
12831,108000,280,2025-02-14T14:34:35Z,true
12831,113000,270,2025-02-14T14:33:05Z,false
12831,112000,265,2025-02-14T14:31:03Z,false
12831,114000,280,2025-02-14T14:25:48Z,true
12831,106000,255,2025-02-14T14:21:51Z,true
12831,113000,280,2025-02-14T14:21:28Z,true
12831,111000,275,2025-02-14T14:18:54Z,false
12831,109000,270,2025-02-14T14:13:40Z,true
12831,130000,240,2025-02-14T14:11:45Z,false
12831,110000,260,2025-02-14T14:04:56Z,false
12831,113000,270,2025-02-14T14:04:32Z,false
12831,114000,265,2025-02-14T14:03:00Z,true
12831,119000,285,2025-02-14T13:59:48Z,true
12831,114000,265,2025-02-14T13:59:41Z,true
12831,109000,255,2025-02-14T13:57:04Z,false
12831,119000,285,2025-02-14T13:54:55Z,true
12831,113000,270,2025-02-14T13:54:49Z,false
12831,112000,265,2025-02-14T13:53:25Z,false
12831,114000,260,2025-02-14T13:52:55Z,true
12831,109000,255,2025-02-14T13:48:50Z,false
12831,108000,265,2025-02-14T13:47:42Z,true
12831,114000,275,2025-02-14T13:47:37Z,true
12831,113000,270,2025-02-14T13:44:25Z,false
12831,114000,260,2025-02-14T13:43:47Z,true
12831,113000,270,2025-02-14T13:42:24Z,false
12831,95000,235,2025-02-14T13:40:33Z,false
12831,106000,285,2025-02-14T13:37:34Z,true
12831,114000,275,2025-02-14T13:37:29Z,true
12831,114000,275,2025-02-14T13:34:33Z,true
12831,112000,265,2025-02-14T13:34:12Z,false
12831,113000,270,2025-02-14T13:33:11Z,false
12831,114000,275,2025-02-14T13:28:52Z,true
12831,114000,275,2025-02-14T13:26:27Z,true
12831,114000,275,2025-02-14T13:23:57Z,true
12831,114000,260,2025-02-14T13:22:28Z,true
12831,111000,290,2025-02-14T13:20:28Z,true
12831,130000,240,2025-02-14T13:17:40Z,false
12831,111000,275,2025-02-14T13:17:03Z,false
12831,112000,265,2025-02-14T13:13:18Z,true
12831,114000,260,2025-02-14T13:10:53Z,true
12831,112000,265,2025-02-14T13:08:09Z,true
12831,111000,275,2025-02-14T13:08:06Z,false
12831,114000,260,2025-02-14T13:01:32Z,true
12831,104000,285,2025-02-14T13:01:27Z,false
12831,111000,250,2025-02-14T12:55:58Z,true
12831,100000,285,2025-02-14T12:55:15Z,false
12831,111000,250,2025-02-14T12:51:48Z,true
12831,106000,275,2025-02-14T12:50:46Z,true
12831,111000,255,2025-02-14T12:48:52Z,true
12831,99000,300,2025-02-14T12:39:37Z,false
12831,104000,275,2025-02-14T12:37:45Z,true
12831,117000,270,2025-02-14T12:36:05Z,true
12831,111000,265,2025-02-14T12:33:51Z,false
12831,117000,270,2025-02-14T12:33:31Z,true
12831,117000,270,2025-02-14T12:31:36Z,true
12831,106000,290,2025-02-14T12:28:29Z,false
12831,111000,255,2025-02-14T12:27:50Z,true
12831,117000,270,2025-02-14T12:26:15Z,true
12831,105000,275,2025-02-14T12:26:12Z,true
12831,114000,260,2025-02-14T12:25:37Z,true
12831,113000,265,2025-02-14T12:25:13Z,true
12831,117000,270,2025-02-14T12:19:58Z,true
12831,110000,250,2025-02-14T12:15:10Z,false
12831,117000,270,2025-02-14T12:13:20Z,true
12831,111000,250,2025-02-14T12:11:18Z,true
12831,105000,285,2025-02-14T12:04:15Z,true
12831,114000,275,2025-02-14T11:58:19Z,true
12831,106000,265,2025-02-14T11:51:46Z,false
12831,111000,275,2025-02-14T11:50:03Z,false
12831,134000,240,2025-02-14T11:49:24Z,true
12831,130000,240,2025-02-14T11:47:55Z,false
12831,110000,260,2025-02-14T11:47:55Z,false
12831,114000,275,2025-02-14T11:41:17Z,true
12831,113000,265,2025-02-14T11:39:50Z,true
12831,113000,270,2025-02-14T11:34:54Z,false
12831,108000,270,2025-02-14T11:28:59Z,true
12831,113000,265,2025-02-14T11:21:04Z,true
12831,112000,280,2025-02-14T11:18:39Z,false
12831,98000,300,2025-02-14T11:15:34Z,true
12831,111000,255,2025-02-14T11:15:04Z,true
12831,113000,275,2025-02-14T11:14:44Z,true
12831,113000,275,2025-02-14T11:13:05Z,true
12831,110000,260,2025-02-14T11:11:57Z,false
12831,109000,255,2025-02-14T11:06:59Z,false
12831,113000,270,2025-02-14T11:06:17Z,false
12831,108000,265,2025-02-14T11:04:20Z,false
12831,114000,260,2025-02-14T11:02:13Z,true
12831,111000,250,2025-02-14T10:58:11Z,true
12831,110000,255,2025-02-14T10:54:34Z,true
12831,110000,260,2025-02-14T10:53:05Z,false
12831,110000,250,2025-02-14T10:51:25Z,true
12831,113000,275,2025-02-14T10:46:08Z,true
12831,113000,275,2025-02-14T10:44:22Z,true
12831,114000,280,2025-02-14T10:42:57Z,true
12831,113000,265,2025-02-14T10:41:28Z,true
12831,103000,285,2025-02-14T10:36:01Z,false
12831,113000,270,2025-02-14T10:34:12Z,false
12831,113000,270,2025-02-14T10:32:40Z,false
12831,113000,275,2025-02-14T10:24:15Z,true
12831,110000,250,2025-02-14T10:22:27Z,false
12831,113000,265,2025-02-14T10:19:41Z,true
12831,113000,265,2025-02-14T10:04:35Z,true
12831,106000,290,2025-02-14T09:59:51Z,false
12831,113000,270,2025-02-14T09:57:22Z,false
12831,108000,265,2025-02-14T09:54:42Z,true
12831,102000,285,2025-02-14T09:53:47Z,false
12831,102000,285,2025-02-14T09:50:50Z,false
12831,134000,240,2025-02-14T09:50:24Z,true
12831,114000,270,2025-02-14T09:45:48Z,false
12831,106000,290,2025-02-14T09:42:35Z,false
12831,114000,270,2025-02-14T09:35:05Z,false
12831,114000,280,2025-02-14T09:34:48Z,true
12831,111000,275,2025-02-14T09:25:20Z,false
12831,131000,240,2025-02-14T09:11:31Z,false
12831,114000,270,2025-02-14T09:10:24Z,false
12831,114000,280,2025-02-14T09:03:48Z,true
12831,113000,280,2025-02-14T09:03:03Z,true
12831,117000,270,2025-02-14T08:54:26Z,true
12831,114000,270,2025-02-14T08:48:04Z,false
12831,105000,255,2025-02-14T08:47:42Z,false
12831,117000,270,2025-02-14T08:43:56Z,true
12831,113000,265,2025-02-14T08:40:10Z,true
12831,109000,260,2025-02-14T08:36:52Z,true
12831,114000,270,2025-02-14T08:34:36Z,false
12831,111000,250,2025-02-14T08:31:11Z,true
12831,114000,270,2025-02-14T08:26:57Z,false
12831,108000,275,2025-02-14T08:21:36Z,true
12831,105000,250,2025-02-14T08:21:30Z,true
12831,107000,270,2025-02-14T08:21:10Z,false
12831,111000,260,2025-02-14T08:19:24Z,false
12831,113000,280,2025-02-14T08:17:18Z,true
12831,121000,285,2025-02-14T08:15:23Z,true
12831,113000,275,2025-02-14T08:07:37Z,true
12831,113000,280,2025-02-14T07:59:48Z,true
12831,122000,245,2025-02-14T07:58:09Z,false
12831,107000,260,2025-02-14T07:54:25Z,true
12831,117000,270,2025-02-14T07:52:16Z,true
12831,113000,265,2025-02-14T07:47:25Z,true
12831,113000,275,2025-02-14T07:46:46Z,true
12831,111000,250,2025-02-14T07:45:01Z,true
12831,113000,265,2025-02-14T07:41:58Z,true
12831,114000,260,2025-02-14T07:40:28Z,true
12831,112000,265,2025-02-14T07:40:17Z,false
12831,113000,275,2025-02-14T07:37:26Z,true
12831,114000,270,2025-02-14T07:33:55Z,false
12831,111000,260,2025-02-14T07:32:48Z,false
12831,112000,280,2025-02-14T07:32:42Z,false
12831,109000,280,2025-02-14T07:27:49Z,false
12831,113000,260,2025-02-14T07:22:36Z,true
12831,113000,275,2025-02-14T07:21:28Z,true
12831,111000,250,2025-02-14T07:21:13Z,true
12831,113000,265,2025-02-14T07:19:53Z,true
12831,107000,290,2025-02-14T07:19:41Z,false
12831,112000,275,2025-02-14T07:16:45Z,true
12831,108000,300,2025-02-14T07:16:25Z,true
12831,111000,255,2025-02-14T07:16:16Z,true
12831,134000,240,2025-02-14T07:13:05Z,true
12831,116000,270,2025-02-14T07:10:21Z,true
12831,113000,265,2025-02-14T07:08:45Z,true
12831,108000,280,2025-02-14T07:05:20Z,true
12831,109000,270,2025-02-14T07:04:32Z,true
12831,120000,285,2025-02-14T07:00:55Z,true
12831,113000,265,2025-02-14T06:59:35Z,true
12831,120000,285,2025-02-14T06:55:19Z,true
12831,112000,275,2025-02-14T06:48:36Z,true
12831,116000,270,2025-02-14T06:48:35Z,true
12831,112000,260,2025-02-14T06:47:47Z,false
12831,112000,265,2025-02-14T06:47:33Z,true
12831,112000,265,2025-02-14T06:46:04Z,true
12831,113000,280,2025-02-14T06:45:35Z,true
12831,111000,260,2025-02-14T06:44:55Z,false
12831,112000,265,2025-02-14T06:41:35Z,true
12831,113000,260,2025-02-14T06:40:41Z,true
12831,114000,270,2025-02-14T06:40:38Z,false
12831,112000,275,2025-02-14T06:40:07Z,true
12831,113000,270,2025-02-14T06:38:28Z,false
12831,110000,275,2025-02-14T06:35:16Z,false
12831,111000,260,2025-02-14T06:33:38Z,false
12831,119000,285,2025-02-14T06:33:24Z,true
12831,119000,285,2025-02-14T06:29:38Z,true
12831,111000,265,2025-02-14T06:28:36Z,true
12831,105000,275,2025-02-14T06:25:50Z,true
12831,116000,270,2025-02-14T06:17:08Z,true
12831,113000,265,2025-02-14T06:13:16Z,false
12831,109000,270,2025-02-14T06:12:16Z,true
12831,113000,270,2025-02-14T06:02:26Z,false
12831,111000,265,2025-02-14T06:01:50Z,true
12831,112000,275,2025-02-14T05:59:46Z,true
12831,116000,270,2025-02-14T05:57:01Z,true
12831,113000,270,2025-02-14T05:55:55Z,false
12831,135000,240,2025-02-14T05:52:54Z,true
12831,113000,280,2025-02-14T05:52:41Z,true
12831,131000,240,2025-02-14T05:50:53Z,false
12831,98000,300,2025-02-14T05:48:50Z,false
12831,113000,265,2025-02-14T05:44:14Z,true
12831,113000,275,2025-02-14T05:43:42Z,true
12831,111000,260,2025-02-14T05:43:17Z,false
12831,116000,270,2025-02-14T05:38:58Z,true
12831,113000,265,2025-02-14T05:37:43Z,true
12831,116000,270,2025-02-14T05:35:00Z,true
12831,113000,275,2025-02-14T05:33:32Z,true
12831,110000,265,2025-02-14T05:30:17Z,true
12831,111000,255,2025-02-14T05:21:16Z,true
12831,114000,265,2025-02-14T05:15:17Z,true
12831,113000,265,2025-02-14T05:14:25Z,true
12831,114000,260,2025-02-14T05:12:24Z,true
12831,113000,270,2025-02-14T05:09:02Z,false
12831,111000,260,2025-02-14T05:06:03Z,false
12831,112000,275,2025-02-14T05:05:42Z,false
12831,114000,260,2025-02-14T04:57:09Z,true
12831,110000,260,2025-02-14T04:56:40Z,true
12831,114000,275,2025-02-14T04:47:13Z,true
12831,113000,265,2025-02-14T04:46:06Z,true
12831,114000,275,2025-02-14T04:45:46Z,true
12831,107000,265,2025-02-14T04:45:30Z,true
12831,113000,280,2025-02-14T04:43:32Z,true
12831,111000,255,2025-02-14T04:40:37Z,true
12831,107000,300,2025-02-14T04:39:49Z,true
12831,107000,290,2025-02-14T04:35:06Z,false
12831,114000,275,2025-02-14T04:34:25Z,true
12831,113000,270,2025-02-14T04:33:49Z,false
12831,110000,255,2025-02-14T04:33:10Z,false
12831,113000,265,2025-02-14T04:28:02Z,true
12831,113000,265,2025-02-14T03:50:35Z,true
12831,105000,260,2025-02-14T03:49:50Z,true
12831,114000,260,2025-02-14T03:49:14Z,true
12831,109000,270,2025-02-14T03:38:17Z,true
12831,107000,265,2025-02-14T03:32:48Z,true
12831,112000,260,2025-02-14T03:30:15Z,false
12831,107000,265,2025-02-14T03:27:00Z,true
12831,113000,265,2025-02-14T03:22:16Z,true
12831,113000,280,2025-02-14T03:15:06Z,false
12831,114000,275,2025-02-14T03:14:45Z,true
12831,113000,265,2025-02-14T03:12:50Z,true
12831,111000,255,2025-02-14T03:12:09Z,true
12831,113000,280,2025-02-14T03:11:59Z,true
12831,109000,255,2025-02-14T03:01:58Z,false
12831,111000,255,2025-02-14T03:01:41Z,true
12831,108000,300,2025-02-14T03:01:01Z,true
12831,111000,285,2025-02-14T02:54:10Z,false
12831,111000,260,2025-02-14T02:45:20Z,false
12831,114000,260,2025-02-14T02:38:39Z,true
12831,117000,270,2025-02-14T02:34:45Z,true
12831,113000,280,2025-02-14T02:33:02Z,true
12831,118000,245,2025-02-14T02:31:23Z,true
12831,108000,250,2025-02-14T02:29:45Z,true
12831,113000,265,2025-02-14T02:29:08Z,true
12831,113000,265,2025-02-14T02:26:32Z,true
12831,108000,290,2025-02-14T02:16:36Z,true
12831,112000,265,2025-02-14T02:10:33Z,false
12831,114000,290,2025-02-14T02:09:12Z,true
12831,113000,275,2025-02-14T02:08:43Z,true
12831,113000,265,2025-02-14T02:05:53Z,true
12831,117000,270,2025-02-14T02:04:11Z,true
12831,117000,270,2025-02-14T02:03:35Z,true
12831,113000,280,2025-02-14T01:57:37Z,true
12831,113000,265,2025-02-14T01:42:18Z,true
12831,114000,275,2025-02-14T01:37:56Z,true
12831,114000,260,2025-02-14T01:35:16Z,true
12831,116000,270,2025-02-14T01:30:57Z,true
12831,114000,275,2025-02-14T01:29:27Z,true
12831,111000,255,2025-02-14T01:28:40Z,true
12831,113000,265,2025-02-14T01:21:37Z,true
12831,114000,260,2025-02-14T01:15:02Z,true
12831,114000,290,2025-02-14T01:14:02Z,true
12831,112000,280,2025-02-14T01:09:34Z,false
12831,113000,265,2025-02-14T01:07:04Z,true
12831,112000,280,2025-02-14T01:02:44Z,false
12831,113000,265,2025-02-14T00:58:15Z,true
12831,114000,265,2025-02-14T00:32:42Z,true
12831,114000,265,2025-02-14T00:27:01Z,true
12831,117000,270,2025-02-14T00:25:41Z,true
12831,114000,265,2025-02-14T00:21:13Z,true
12831,114000,265,2025-02-14T00:19:00Z,true
12831,114000,265,2025-02-14T00:06:14Z,true
12831,117000,270,2025-02-14T00:04:57Z,true
12831,114000,265,2025-02-14T00:04:19Z,true
12831,117000,270,2025-02-13T23:59:40Z,true
12831,111000,250,2025-02-13T23:54:51Z,true
12831,106000,250,2025-02-13T23:50:33Z,true
12831,111000,265,2025-02-13T23:49:52Z,false
12831,112000,280,2025-02-13T23:46:23Z,true
12831,111000,250,2025-02-13T23:43:05Z,false
12831,114000,265,2025-02-13T23:37:47Z,true
12831,137000,240,2025-02-13T23:34:29Z,true
12831,119000,305,2025-02-13T23:27:37Z,true
12831,114000,260,2025-02-13T23:16:24Z,true
12831,113000,265,2025-02-13T22:50:29Z,true
12831,97000,300,2025-02-13T22:49:29Z,false
12831,113000,280,2025-02-13T22:39:42Z,true
12831,127000,245,2025-02-13T22:37:10Z,true
12831,116000,270,2025-02-13T22:16:32Z,true
12831,113000,280,2025-02-13T21:56:43Z,true
12831,113000,280,2025-02-13T21:52:35Z,true
12831,114000,260,2025-02-13T21:19:35Z,true
12831,108000,280,2025-02-13T20:33:18Z,true
12831,114000,265,2025-02-13T19:57:22Z,true
12831,114000,275,2025-02-13T19:42:59Z,true
12831,115000,275,2025-02-13T18:26:34Z,true
12831,115000,275,2025-02-13T18:18:48Z,true
12831,122000,285,2025-02-13T18:06:49Z,true
12831,113000,280,2025-02-13T18:00:12Z,true
12831,114000,260,2025-02-13T17:54:23Z,true
12831,117000,270,2025-02-13T17:17:50Z,true
12831,115000,275,2025-02-13T17:08:28Z,true
12831,114000,280,2025-02-13T17:07:49Z,true
12831,114000,265,2025-02-13T17:03:09Z,true
12831,122000,285,2025-02-13T16:57:50Z,true
12831,115000,275,2025-02-13T16:56:05Z,true
12831,250000,320,2025-02-13T16:53:19Z,false
12831,112000,260,2025-02-13T16:46:39Z,false
12831,114000,265,2025-02-13T16:39:11Z,true
12831,115000,275,2025-02-13T16:37:45Z,true
12831,114000,280,2025-02-13T16:36:42Z,true
12831,110000,255,2025-02-13T16:14:39Z,true
12831,113000,275,2025-02-13T16:09:27Z,false
12831,113000,290,2025-02-13T16:06:39Z,true
12831,127000,245,2025-02-13T16:05:40Z,true
12831,121000,285,2025-02-13T16:04:42Z,true
12831,126000,245,2025-02-13T16:03:31Z,true
12831,106000,285,2025-02-13T15:45:06Z,true
12831,111000,265,2025-02-13T15:39:22Z,false
12831,111000,250,2025-02-13T15:36:09Z,true
12831,114000,260,2025-02-13T15:34:31Z,true
12831,110000,255,2025-02-13T15:34:01Z,true
12831,126000,240,2025-02-13T15:30:10Z,true
12831,121000,285,2025-02-13T15:27:47Z,true
12831,115000,275,2025-02-13T15:27:17Z,true
12831,117000,270,2025-02-13T15:13:13Z,true
12831,114000,270,2025-02-13T15:06:18Z,true
12831,114000,265,2025-02-13T14:56:24Z,true
12831,106000,270,2025-02-13T14:53:57Z,false
12831,111000,255,2025-02-13T14:52:41Z,true
12831,113000,260,2025-02-13T14:50:55Z,true
12831,114000,270,2025-02-13T14:50:21Z,true
12831,111000,250,2025-02-13T14:39:30Z,true
12831,114000,280,2025-02-13T14:35:39Z,true
12831,111000,265,2025-02-13T14:34:02Z,false
12831,114000,275,2025-02-13T14:30:49Z,true
12831,111000,255,2025-02-13T14:07:22Z,true
12831,111000,250,2025-02-13T14:07:22Z,true
12831,114000,270,2025-02-13T14:05:53Z,false
12831,114000,280,2025-02-13T14:02:57Z,true
12831,114000,275,2025-02-13T13:55:43Z,true
12831,116000,270,2025-02-13T13:50:51Z,true
12831,114000,270,2025-02-13T13:50:12Z,false
12831,114000,270,2025-02-13T13:50:05Z,false
12831,114000,270,2025-02-13T13:39:11Z,false
12831,114000,260,2025-02-13T13:38:23Z,true
12831,114000,265,2025-02-13T13:32:09Z,true
12831,111000,265,2025-02-13T13:31:28Z,false
12831,114000,275,2025-02-13T13:31:20Z,true
12831,114000,270,2025-02-13T13:30:53Z,false
12831,111000,255,2025-02-13T13:30:28Z,true
12831,114000,270,2025-02-13T13:30:15Z,true
12831,111000,250,2025-02-13T13:26:44Z,true
12831,112000,265,2025-02-13T13:22:44Z,true
12831,113000,260,2025-02-13T13:17:43Z,true
12831,111000,250,2025-02-13T13:10:44Z,true
12831,115000,270,2025-02-13T13:08:53Z,true
12831,122000,285,2025-02-13T13:04:34Z,true
12831,107000,290,2025-02-13T13:04:23Z,false
12831,113000,265,2025-02-13T13:04:20Z,true
12831,115000,275,2025-02-13T12:53:19Z,true
12831,114000,265,2025-02-13T12:51:36Z,true
12831,115000,275,2025-02-13T12:50:20Z,true
12831,114000,265,2025-02-13T12:43:24Z,true
12831,109000,270,2025-02-13T12:41:41Z,true
12831,114000,260,2025-02-13T12:38:57Z,true
12831,114000,275,2025-02-13T12:38:55Z,true
12831,109000,255,2025-02-13T12:38:27Z,false
12831,114000,265,2025-02-13T12:36:03Z,true
12831,113000,265,2025-02-13T12:31:36Z,true
12831,113000,260,2025-02-13T12:24:44Z,true
12831,113000,275,2025-02-13T12:19:28Z,false
12831,110000,300,2025-02-13T12:17:35Z,true
12831,115000,275,2025-02-13T12:16:45Z,true
12831,114000,265,2025-02-13T12:14:05Z,true
12831,114000,265,2025-02-13T12:14:02Z,false
12831,126000,245,2025-02-13T12:12:52Z,true
12831,111000,255,2025-02-13T12:12:51Z,true
12831,116000,270,2025-02-13T12:12:13Z,true
12831,114000,265,2025-02-13T12:11:28Z,true
12831,107000,280,2025-02-13T12:10:02Z,true
12831,108000,255,2025-02-13T12:03:11Z,false
12831,112000,260,2025-02-13T12:03:10Z,false
12831,110000,285,2025-02-13T12:00:14Z,true
12831,114000,265,2025-02-13T11:57:09Z,true
12831,114000,265,2025-02-13T11:55:52Z,true
12831,114000,265,2025-02-13T11:51:49Z,true
12831,113000,265,2025-02-13T11:51:07Z,true
12831,115000,275,2025-02-13T11:50:58Z,true
12831,111000,250,2025-02-13T11:46:17Z,true
12831,104000,260,2025-02-13T11:46:00Z,true
12831,112000,265,2025-02-13T11:45:34Z,true
12831,115000,275,2025-02-13T11:40:19Z,true
12831,109000,285,2025-02-13T11:39:23Z,true
12831,126000,245,2025-02-13T11:38:20Z,true
12831,105000,275,2025-02-13T11:38:08Z,true
12831,112000,285,2025-02-13T11:36:08Z,false
12831,117000,270,2025-02-13T11:34:40Z,true
12831,115000,280,2025-02-13T11:32:12Z,true
12831,114000,270,2025-02-13T11:31:54Z,false
12831,114000,280,2025-02-13T11:30:33Z,true
12831,116000,270,2025-02-13T11:30:29Z,true
12831,113000,260,2025-02-13T11:28:26Z,true
12831,111000,250,2025-02-13T11:28:22Z,true
12831,117000,270,2025-02-13T11:26:49Z,true
12831,123000,245,2025-02-13T11:25:39Z,true
12831,107000,265,2025-02-13T11:25:29Z,true
12831,116000,270,2025-02-13T11:24:52Z,true
12831,114000,290,2025-02-13T11:24:35Z,true
12831,114000,265,2025-02-13T11:13:05Z,true
12831,117000,270,2025-02-13T11:11:49Z,true
12831,108000,255,2025-02-13T11:09:47Z,false
12831,114000,265,2025-02-13T11:08:16Z,true
12831,117000,270,2025-02-13T11:07:13Z,true
12831,114000,260,2025-02-13T11:01:13Z,true
12831,114000,270,2025-02-13T10:59:03Z,false
12831,113000,265,2025-02-13T10:58:20Z,true
12831,116000,270,2025-02-13T10:58:05Z,true
12831,113000,260,2025-02-13T10:57:43Z,true
12831,114000,265,2025-02-13T10:56:48Z,false
12831,107000,290,2025-02-13T10:50:35Z,false
12831,113000,280,2025-02-13T10:50:28Z,false
12831,116000,270,2025-02-13T10:50:06Z,true
12831,116000,270,2025-02-13T10:47:39Z,true
12831,113000,260,2025-02-13T10:44:54Z,true
12831,114000,270,2025-02-13T10:44:32Z,true
12831,114000,265,2025-02-13T10:42:38Z,true
12831,115000,275,2025-02-13T10:37:22Z,true
12831,113000,265,2025-02-13T10:37:13Z,true
12831,112000,260,2025-02-13T10:33:00Z,true
12831,112000,260,2025-02-13T10:22:09Z,false
12831,113000,260,2025-02-13T10:17:38Z,true
12831,113000,290,2025-02-13T10:16:09Z,true
12831,113000,265,2025-02-13T10:14:52Z,true
12831,114000,280,2025-02-13T10:14:01Z,true
12831,112000,260,2025-02-13T10:11:48Z,true
12831,112000,265,2025-02-13T10:00:55Z,true
12831,112000,265,2025-02-13T10:00:49Z,true
12831,98000,300,2025-02-13T10:00:01Z,true
12831,111000,250,2025-02-13T09:58:53Z,true
12831,112000,275,2025-02-13T09:57:01Z,false
12831,110000,250,2025-02-13T09:56:58Z,true
12831,111000,285,2025-02-13T09:54:50Z,false
12831,113000,280,2025-02-13T09:49:32Z,true
12831,111000,255,2025-02-13T09:47:26Z,true
12831,114000,260,2025-02-13T09:46:24Z,true
12831,114000,260,2025-02-13T09:44:26Z,true
12831,117000,270,2025-02-13T09:43:01Z,true
12831,109000,285,2025-02-13T09:40:41Z,true
12831,107000,255,2025-02-13T09:33:14Z,false
12831,113000,260,2025-02-13T09:32:04Z,true
12831,114000,265,2025-02-13T09:31:05Z,true
12831,106000,260,2025-02-13T09:29:17Z,true
12831,117000,270,2025-02-13T09:29:16Z,true
12831,115000,280,2025-02-13T09:28:49Z,true
12831,119000,270,2025-02-13T09:28:35Z,true
12831,114000,280,2025-02-13T09:28:24Z,true
12831,116000,270,2025-02-13T09:27:53Z,true
12831,99000,300,2025-02-13T09:22:22Z,false
12831,124000,245,2025-02-13T09:21:44Z,true
12831,121000,285,2025-02-13T09:20:18Z,true
12831,114000,260,2025-02-13T09:17:38Z,true
12831,113000,260,2025-02-13T09:15:30Z,true
12831,113000,280,2025-02-13T09:08:24Z,false
12831,109000,250,2025-02-13T09:08:15Z,true
12831,113000,265,2025-02-13T09:07:10Z,true
12831,105000,255,2025-02-13T09:05:03Z,false
12831,113000,270,2025-02-13T08:59:04Z,false
12831,113000,270,2025-02-13T08:57:05Z,false
12831,117000,270,2025-02-13T08:55:14Z,true
12831,117000,270,2025-02-13T08:53:38Z,true
12831,111000,255,2025-02-13T08:48:40Z,true
12831,114000,275,2025-02-13T08:46:33Z,true
12831,112000,260,2025-02-13T08:46:28Z,true
12831,112000,260,2025-02-13T08:42:32Z,false
12831,113000,270,2025-02-13T08:42:01Z,false
12831,114000,265,2025-02-13T08:38:55Z,true
12831,116000,270,2025-02-13T08:38:55Z,true
12831,114000,280,2025-02-13T08:38:51Z,true
12831,114000,280,2025-02-13T08:38:16Z,true
12831,111000,255,2025-02-13T08:31:09Z,true
12831,111000,250,2025-02-13T08:25:35Z,true
12831,106000,250,2025-02-13T08:24:33Z,true
12831,116000,270,2025-02-13T08:23:24Z,true
12831,113000,265,2025-02-13T08:20:55Z,true
12831,104000,250,2025-02-13T08:17:03Z,false
12831,110000,250,2025-02-13T08:14:58Z,true
12831,115000,275,2025-02-13T08:14:55Z,true
12831,123000,245,2025-02-13T08:14:49Z,true
12831,111000,280,2025-02-13T08:14:24Z,true
12831,116000,270,2025-02-13T08:10:55Z,true
12831,114000,275,2025-02-13T08:08:44Z,true
12831,113000,260,2025-02-13T07:55:32Z,true
12831,115000,275,2025-02-13T07:49:32Z,true
12831,115000,275,2025-02-13T07:49:00Z,true
12831,111000,255,2025-02-13T07:47:58Z,true
12831,112000,280,2025-02-13T07:46:18Z,false
12831,114000,265,2025-02-13T07:45:06Z,true
12831,114000,265,2025-02-13T07:43:44Z,true
12831,116000,270,2025-02-13T07:40:15Z,true
12831,114000,265,2025-02-13T07:38:52Z,false
12831,114000,265,2025-02-13T07:38:39Z,true
12831,110000,270,2025-02-13T07:38:04Z,false
12831,108000,280,2025-02-13T07:37:25Z,true
12831,113000,275,2025-02-13T07:37:10Z,false
12831,112000,265,2025-02-13T07:36:57Z,true
12831,115000,280,2025-02-13T07:33:45Z,true
12831,112000,270,2025-02-13T07:32:58Z,true
12831,117000,270,2025-02-13T07:32:05Z,true
12831,114000,260,2025-02-13T07:32:05Z,true
12831,113000,265,2025-02-13T07:32:05Z,true
12831,114000,260,2025-02-13T07:27:42Z,true
12831,114000,260,2025-02-13T07:24:37Z,true
12831,110000,270,2025-02-13T07:24:22Z,false
12831,117000,270,2025-02-13T07:24:20Z,true
12831,136000,240,2025-02-13T07:22:47Z,true
12831,107000,250,2025-02-13T07:20:27Z,false
12831,115000,275,2025-02-13T07:19:44Z,true
12831,115000,275,2025-02-13T07:18:48Z,true
12831,110000,255,2025-02-13T07:15:27Z,true
12831,110000,255,2025-02-13T07:15:09Z,true
12831,110000,255,2025-02-13T07:14:48Z,true
12831,110000,255,2025-02-13T07:14:29Z,true
12831,110000,255,2025-02-13T07:14:11Z,true
12831,110000,255,2025-02-13T07:13:49Z,true
12831,110000,255,2025-02-13T07:13:30Z,true
12831,110000,255,2025-02-13T07:13:06Z,true
12831,110000,255,2025-02-13T07:12:43Z,true
12831,110000,255,2025-02-13T07:12:23Z,true
12831,110000,255,2025-02-13T07:12:04Z,true
12831,110000,255,2025-02-13T07:11:46Z,true
12831,110000,255,2025-02-13T07:11:27Z,true
12831,110000,255,2025-02-13T07:11:08Z,true
12831,110000,255,2025-02-13T07:10:46Z,true
12831,110000,255,2025-02-13T07:10:25Z,true
12831,110000,255,2025-02-13T07:10:06Z,true
12831,110000,255,2025-02-13T07:09:47Z,true
12831,110000,255,2025-02-13T07:09:28Z,true
12831,110000,255,2025-02-13T07:09:08Z,true
12831,110000,255,2025-02-13T07:08:47Z,true
12831,111000,250,2025-02-13T07:08:46Z,true
12831,110000,255,2025-02-13T07:08:28Z,true
12831,115000,275,2025-02-13T07:07:56Z,true
12831,113000,280,2025-02-13T07:07:31Z,false
12831,111000,260,2025-02-13T07:06:52Z,false
12831,114000,265,2025-02-13T07:03:10Z,true
12831,113000,275,2025-02-13T07:02:03Z,false
12831,115000,280,2025-02-13T07:01:34Z,true
12831,114000,270,2025-02-13T07:01:19Z,false
12831,115000,275,2025-02-13T06:56:50Z,true
12831,113000,280,2025-02-13T06:54:45Z,false
12831,114000,265,2025-02-13T06:52:32Z,true
12831,117000,270,2025-02-13T06:48:43Z,true
12831,114000,265,2025-02-13T06:47:59Z,true
12831,113000,265,2025-02-13T06:46:03Z,true
12831,115000,275,2025-02-13T06:43:18Z,true
12831,110000,255,2025-02-13T06:31:38Z,true
12831,113000,260,2025-02-13T06:16:33Z,true
12831,117000,270,2025-02-13T06:05:16Z,true
12831,114000,265,2025-02-13T06:04:59Z,true
12831,113000,275,2025-02-13T06:02:47Z,false
12831,107000,280,2025-02-13T05:59:55Z,true
12831,117000,270,2025-02-13T05:58:13Z,true
12831,114000,265,2025-02-13T05:58:08Z,true
12831,112000,275,2025-02-13T05:57:32Z,false
12831,112000,280,2025-02-13T05:54:56Z,false
12831,111000,260,2025-02-13T05:51:50Z,false
12831,111000,250,2025-02-13T05:50:45Z,true
12831,117000,270,2025-02-13T05:42:19Z,true
12831,114000,270,2025-02-13T05:41:15Z,false
12831,117000,270,2025-02-13T05:39:20Z,true
12831,114000,265,2025-02-13T05:38:11Z,true
12831,116000,270,2025-02-13T05:34:32Z,true
12831,114000,260,2025-02-13T05:34:19Z,true
12831,116000,270,2025-02-13T05:32:20Z,true
12831,112000,250,2025-02-13T05:17:41Z,false
12831,111000,260,2025-02-13T05:17:35Z,false
12831,110000,255,2025-02-13T05:17:19Z,true
12831,114000,265,2025-02-13T04:52:33Z,true
12831,110000,250,2025-02-13T04:50:43Z,true
12831,112000,275,2025-02-13T04:49:29Z,false
12831,114000,260,2025-02-13T04:42:53Z,true
12831,114000,270,2025-02-13T04:39:10Z,false
12831,114000,260,2025-02-13T04:39:03Z,true
12831,115000,275,2025-02-13T04:38:34Z,true
12831,110000,255,2025-02-13T04:37:40Z,true
12831,116000,270,2025-02-13T04:36:00Z,true
12831,112000,275,2025-02-13T04:35:30Z,false
12831,109000,285,2025-02-13T04:34:54Z,true
12831,105000,285,2025-02-13T04:33:19Z,true
12831,117000,270,2025-02-13T04:28:22Z,true
12831,105000,285,2025-02-13T04:27:53Z,true
12831,105000,260,2025-02-13T04:26:10Z,true
12831,114000,265,2025-02-13T04:25:39Z,true
12831,114000,260,2025-02-13T04:23:19Z,true
12831,114000,260,2025-02-13T04:14:18Z,true
12831,115000,275,2025-02-13T04:11:00Z,true
12831,103000,265,2025-02-13T04:04:23Z,true
12831,117000,270,2025-02-13T04:00:49Z,true
12831,108000,250,2025-02-13T03:58:17Z,true
12831,114000,270,2025-02-13T03:58:00Z,false
12831,113000,265,2025-02-13T03:57:09Z,true
12831,113000,275,2025-02-13T03:52:26Z,false
12831,112000,275,2025-02-13T03:51:02Z,false
12831,117000,270,2025-02-13T03:47:49Z,true
12831,114000,260,2025-02-13T03:46:03Z,true
12831,111000,260,2025-02-13T03:44:21Z,false
12831,114000,265,2025-02-13T03:41:55Z,false
12831,114000,265,2025-02-13T03:41:15Z,true
12831,109000,255,2025-02-13T03:38:29Z,true
12831,109000,270,2025-02-13T03:37:04Z,true
12831,104000,250,2025-02-13T03:33:53Z,false
12831,105000,250,2025-02-13T03:33:25Z,false
12831,112000,285,2025-02-13T03:30:35Z,false
12831,111000,285,2025-02-13T03:26:43Z,false
12831,112000,290,2025-02-13T03:24:45Z,true
12831,111000,250,2025-02-13T03:22:34Z,true
12831,117000,270,2025-02-13T03:20:11Z,true
12831,115000,280,2025-02-13T03:19:48Z,true
12831,117000,270,2025-02-13T03:19:03Z,true
12831,115000,280,2025-02-13T03:15:24Z,true
12831,107000,260,2025-02-13T03:13:57Z,false
12831,115000,275,2025-02-13T03:10:26Z,true
12831,117000,270,2025-02-13T03:06:01Z,true
12831,115000,280,2025-02-13T03:03:52Z,true
12831,111000,260,2025-02-13T03:01:16Z,false
12831,117000,270,2025-02-13T02:58:32Z,true
12831,115000,270,2025-02-13T02:50:34Z,false
12831,115000,275,2025-02-13T02:48:21Z,true
12831,122000,285,2025-02-13T02:46:57Z,true
12831,108000,255,2025-02-13T02:42:01Z,true
12831,98000,300,2025-02-13T02:35:49Z,true
12831,117000,270,2025-02-13T02:26:17Z,true
12831,107000,280,2025-02-13T02:17:59Z,true
12831,112000,275,2025-02-13T02:12:28Z,false
12831,110000,250,2025-02-13T02:03:34Z,true
12831,110000,300,2025-02-13T02:01:15Z,true
12831,136000,240,2025-02-13T01:50:12Z,false
12831,111000,260,2025-02-13T01:50:12Z,false
12831,116000,270,2025-02-13T01:49:40Z,true
12831,109000,290,2025-02-13T01:44:56Z,true
12831,117000,270,2025-02-13T01:42:30Z,true
12831,136000,240,2025-02-13T01:38:54Z,false
12831,117000,270,2025-02-13T01:33:14Z,true
12831,115000,260,2025-02-13T01:29:42Z,true
12831,98000,300,2025-02-13T01:26:22Z,true
12831,117000,270,2025-02-13T01:21:40Z,true
12831,115000,260,2025-02-13T01:20:38Z,true
12831,115000,280,2025-02-13T01:18:36Z,true
12831,114000,265,2025-02-13T01:12:54Z,true
12831,114000,265,2025-02-13T01:07:52Z,false
12831,112000,290,2025-02-13T01:05:11Z,true
12831,117000,270,2025-02-13T00:55:31Z,true
12831,109000,270,2025-02-13T00:46:13Z,true
12831,104000,265,2025-02-13T00:40:47Z,true
12831,111000,275,2025-02-13T00:37:38Z,true
12831,109000,270,2025-02-13T00:27:59Z,true
12831,111000,270,2025-02-13T00:25:53Z,true
12831,111000,250,2025-02-13T00:20:58Z,true
12831,113000,265,2025-02-13T00:12:49Z,false
12831,114000,265,2025-02-13T00:11:48Z,true
12831,106000,255,2025-02-13T00:07:54Z,true
12831,114000,265,2025-02-13T00:07:30Z,true
12831,111000,250,2025-02-13T00:00:08Z,true
12831,115000,260,2025-02-12T23:59:36Z,true
12831,108000,270,2025-02-12T23:57:36Z,true
12831,99000,300,2025-02-12T23:52:53Z,false
12831,114000,265,2025-02-12T23:49:07Z,true
12831,115000,280,2025-02-12T23:46:24Z,true
12831,111000,260,2025-02-12T23:41:40Z,false
12831,111000,260,2025-02-12T23:34:11Z,false
12831,113000,280,2025-02-12T23:16:48Z,true
12831,111000,250,2025-02-12T23:15:12Z,true
12831,115000,260,2025-02-12T23:14:14Z,true
12831,117000,270,2025-02-12T23:13:42Z,true
12831,116000,270,2025-02-12T23:12:19Z,true
12831,110000,255,2025-02-12T23:10:07Z,true
12831,109000,265,2025-02-12T23:09:20Z,false
12831,111000,250,2025-02-12T23:08:47Z,false
12831,108000,260,2025-02-12T22:58:12Z,true
12831,107000,270,2025-02-12T22:30:02Z,true
12831,125000,245,2025-02-12T22:24:11Z,true
12831,116000,270,2025-02-12T22:20:05Z,true
12831,110000,260,2025-02-12T22:10:06Z,false
12831,113000,265,2025-02-12T22:05:27Z,true
12831,113000,265,2025-02-12T21:51:45Z,true
12831,116000,270,2025-02-12T21:50:59Z,true
12831,115000,275,2025-02-12T21:42:04Z,true
12831,118000,295,2025-02-12T21:08:59Z,true
12831,116000,270,2025-02-12T20:02:14Z,true
12831,116000,270,2025-02-12T20:01:45Z,true
12831,109000,290,2025-02-12T19:54:25Z,true
12831,114000,270,2025-02-12T19:50:03Z,false
12831,114000,265,2025-02-12T19:48:13Z,true
12831,110000,255,2025-02-12T19:34:14Z,true
12831,115000,275,2025-02-12T19:15:32Z,true
12831,111000,285,2025-02-12T18:59:19Z,false
12831,121000,285,2025-02-12T18:49:52Z,true
12831,114000,260,2025-02-12T18:38:41Z,true
12831,115000,270,2025-02-12T18:23:10Z,true
12831,113000,265,2025-02-12T18:18:38Z,true
12831,110000,280,2025-02-12T18:08:02Z,true
12831,109000,280,2025-02-12T18:00:59Z,true
12831,113000,265,2025-02-12T17:52:53Z,true
12831,110000,280,2025-02-12T17:46:57Z,true
12831,108000,255,2025-02-12T17:39:22Z,true
12831,113000,265,2025-02-12T17:31:53Z,false
12831,112000,280,2025-02-12T17:31:01Z,true
12831,109000,280,2025-02-12T17:28:57Z,true
12831,115000,270,2025-02-12T17:23:27Z,true
12831,111000,285,2025-02-12T16:59:50Z,false
12831,113000,265,2025-02-12T16:59:17Z,true
12831,109000,280,2025-02-12T16:57:59Z,true
12831,100000,265,2025-02-12T16:55:24Z,true
12831,114000,260,2025-02-12T16:53:23Z,true
12831,109000,285,2025-02-12T16:52:49Z,true
12831,122000,285,2025-02-12T16:49:11Z,true
12831,112000,280,2025-02-12T16:44:06Z,true
12831,112000,280,2025-02-12T16:42:17Z,true
12831,111000,280,2025-02-12T16:41:02Z,true
12831,110000,255,2025-02-12T16:39:37Z,true
12831,112000,265,2025-02-12T16:35:34Z,true
12831,112000,265,2025-02-12T16:33:46Z,true
12831,111000,250,2025-02-12T16:29:53Z,true
12831,110000,255,2025-02-12T16:29:05Z,true
12831,111000,250,2025-02-12T16:17:29Z,true
12831,114000,260,2025-02-12T16:14:52Z,true
12831,112000,280,2025-02-12T16:10:04Z,false
12831,108000,280,2025-02-12T16:05:36Z,true
12831,112000,280,2025-02-12T16:05:19Z,false
12831,114000,280,2025-02-12T16:05:04Z,true
12831,112000,275,2025-02-12T16:03:15Z,false
12831,115000,270,2025-02-12T15:58:54Z,true
12831,142000,240,2025-02-12T15:42:47Z,true
12831,100000,260,2025-02-12T15:41:49Z,true
12831,114000,280,2025-02-12T15:40:57Z,true
12831,100000,265,2025-02-12T15:40:21Z,true
12831,114000,260,2025-02-12T15:38:30Z,true
12831,114000,270,2025-02-12T15:38:29Z,false
12831,114000,265,2025-02-12T15:30:18Z,true
12831,111000,250,2025-02-12T15:30:18Z,true
12831,113000,265,2025-02-12T15:29:39Z,false
12831,109000,280,2025-02-12T15:22:17Z,true
12831,116000,275,2025-02-12T15:17:54Z,true
12831,114000,270,2025-02-12T15:13:14Z,false
12831,114000,265,2025-02-12T15:13:01Z,true
12831,142000,240,2025-02-12T15:11:19Z,true
12831,125000,245,2025-02-12T15:04:55Z,true
12831,121000,285,2025-02-12T15:04:55Z,true
12831,117000,275,2025-02-12T15:00:35Z,true
12831,114000,270,2025-02-12T14:52:12Z,false
12831,118000,270,2025-02-12T14:51:45Z,true
12831,110000,260,2025-02-12T14:49:04Z,false
12831,117000,275,2025-02-12T14:47:49Z,true
12831,108000,290,2025-02-12T14:45:55Z,false
12831,114000,260,2025-02-12T14:39:38Z,true
12831,111000,275,2025-02-12T14:31:25Z,false
12831,110000,285,2025-02-12T14:31:06Z,false
12831,117000,275,2025-02-12T14:28:49Z,true
12831,113000,265,2025-02-12T14:28:25Z,false
12831,117000,275,2025-02-12T14:24:49Z,true
12831,117000,275,2025-02-12T14:24:09Z,true
12831,105000,275,2025-02-12T14:23:18Z,true
12831,116000,275,2025-02-12T14:21:34Z,true
12831,114000,265,2025-02-12T14:20:46Z,true
12831,112000,280,2025-02-12T14:20:37Z,false
12831,114000,270,2025-02-12T14:14:18Z,false
12831,114000,265,2025-02-12T14:13:58Z,true
12831,114000,260,2025-02-12T14:12:53Z,true
12831,110000,255,2025-02-12T14:12:04Z,true
12831,110000,280,2025-02-12T14:11:35Z,true
12831,117000,270,2025-02-12T14:11:28Z,true
12831,118000,270,2025-02-12T14:09:35Z,true
12831,121000,285,2025-02-12T14:03:44Z,true
12831,118000,270,2025-02-12T14:00:03Z,true
12831,110000,255,2025-02-12T13:58:11Z,true
12831,110000,260,2025-02-12T13:57:13Z,false
12831,111000,250,2025-02-12T13:57:06Z,true
12831,108000,290,2025-02-12T13:56:20Z,false
12831,118000,270,2025-02-12T13:56:08Z,true
12831,110000,260,2025-02-12T13:56:00Z,false
12831,114000,270,2025-02-12T13:49:11Z,false
12831,110000,285,2025-02-12T13:42:33Z,true
12831,108000,290,2025-02-12T13:42:30Z,false
12831,113000,280,2025-02-12T13:42:01Z,true
12831,114000,265,2025-02-12T13:41:20Z,true
12831,113000,265,2025-02-12T13:40:23Z,false
12831,110000,255,2025-02-12T13:34:22Z,true
12831,112000,280,2025-02-12T13:33:04Z,true
12831,117000,270,2025-02-12T13:27:39Z,true
12831,110000,285,2025-02-12T13:27:29Z,false
12831,113000,290,2025-02-12T13:23:42Z,true
12831,113000,270,2025-02-12T13:19:50Z,true
12831,114000,265,2025-02-12T13:17:35Z,true
12831,114000,265,2025-02-12T13:16:36Z,true
12831,114000,265,2025-02-12T13:13:29Z,true
12831,112000,265,2025-02-12T13:13:13Z,false
12831,112000,290,2025-02-12T13:07:53Z,true
12831,116000,275,2025-02-12T13:00:57Z,true
12831,103000,300,2025-02-12T12:59:11Z,true
12831,110000,255,2025-02-12T12:54:47Z,true
12831,109000,280,2025-02-12T12:54:23Z,true
12831,115000,280,2025-02-12T12:52:06Z,true
12831,109000,250,2025-02-12T12:44:27Z,true
12831,110000,255,2025-02-12T12:43:21Z,true
12831,116000,275,2025-02-12T12:41:44Z,true
12831,117000,270,2025-02-12T12:41:16Z,true
12831,108000,290,2025-02-12T12:40:38Z,false
12831,113000,280,2025-02-12T12:36:39Z,true
12831,113000,270,2025-02-12T12:34:44Z,false
12831,109000,260,2025-02-12T12:34:25Z,true
12831,114000,275,2025-02-12T12:31:21Z,true
12831,111000,275,2025-02-12T12:28:21Z,false
12831,111000,275,2025-02-12T12:26:31Z,false
12831,114000,265,2025-02-12T12:22:30Z,true
12831,112000,265,2025-02-12T12:21:03Z,false
12831,110000,255,2025-02-12T12:18:59Z,true
12831,112000,280,2025-02-12T12:09:07Z,true
12831,112000,280,2025-02-12T12:08:41Z,true
12831,114000,265,2025-02-12T12:07:36Z,true
12831,110000,255,2025-02-12T12:06:10Z,true
12831,118000,270,2025-02-12T12:04:58Z,true
12831,114000,265,2025-02-12T12:04:30Z,true
12831,111000,250,2025-02-12T12:03:12Z,true
12831,114000,260,2025-02-12T12:02:03Z,true
12831,111000,250,2025-02-12T12:00:43Z,true
12831,110000,255,2025-02-12T12:00:40Z,true
12831,110000,255,2025-02-12T12:00:00Z,true
12831,111000,250,2025-02-12T11:59:18Z,true
12831,117000,275,2025-02-12T11:59:13Z,true
12831,114000,270,2025-02-12T11:58:47Z,false
12831,116000,275,2025-02-12T11:56:02Z,true
12831,114000,280,2025-02-12T11:48:22Z,true
12831,111000,275,2025-02-12T11:46:25Z,false
12831,114000,275,2025-02-12T11:46:06Z,true
12831,113000,280,2025-02-12T11:43:55Z,true
12831,115000,260,2025-02-12T11:36:12Z,true
12831,114000,265,2025-02-12T11:34:06Z,true
12831,112000,280,2025-02-12T11:32:42Z,true
12831,118000,270,2025-02-12T11:31:53Z,true
12831,114000,260,2025-02-12T11:30:07Z,true
12831,112000,290,2025-02-12T11:29:50Z,true
12831,112000,265,2025-02-12T11:26:01Z,false
12831,118000,270,2025-02-12T11:18:26Z,true
12831,113000,280,2025-02-12T11:12:59Z,true
12831,111000,275,2025-02-12T11:11:36Z,false
12831,142000,240,2025-02-12T11:10:01Z,true
12831,118000,270,2025-02-12T11:08:03Z,true
12831,114000,265,2025-02-12T10:53:37Z,true
12831,118000,270,2025-02-12T10:53:10Z,true
12831,110000,255,2025-02-12T10:50:39Z,true
12831,114000,265,2025-02-12T10:48:40Z,true
12831,118000,270,2025-02-12T10:47:39Z,true
12831,116000,260,2025-02-12T10:45:28Z,true
12831,111000,250,2025-02-12T10:44:55Z,true
12831,119000,270,2025-02-12T10:40:08Z,true
12831,120000,285,2025-02-12T10:39:59Z,true
12831,115000,265,2025-02-12T10:39:55Z,true
12831,115000,265,2025-02-12T10:38:09Z,true
12831,115000,265,2025-02-12T10:36:34Z,true
12831,119000,270,2025-02-12T10:32:10Z,true
12831,117000,275,2025-02-12T10:29:28Z,true
12831,112000,280,2025-02-12T10:27:33Z,true
12831,115000,265,2025-02-12T10:22:55Z,true
12831,114000,265,2025-02-12T10:18:11Z,false
12831,119000,285,2025-02-12T10:17:39Z,true
12831,112000,275,2025-02-12T10:12:46Z,false
12831,111000,280,2025-02-12T10:10:05Z,true
12831,116000,260,2025-02-12T10:08:48Z,true
12831,111000,280,2025-02-12T10:07:15Z,true
12831,119000,270,2025-02-12T10:04:52Z,true
12831,110000,255,2025-02-12T10:03:44Z,true
12831,114000,265,2025-02-12T10:02:28Z,false
12831,111000,250,2025-02-12T10:01:18Z,true
12831,119000,270,2025-02-12T10:01:12Z,true
12831,118000,270,2025-02-12T09:59:12Z,true
12831,116000,275,2025-02-12T09:57:58Z,true
12831,136000,240,2025-02-12T09:53:54Z,true
12831,118000,270,2025-02-12T09:50:29Z,true
12831,111000,280,2025-02-12T09:49:24Z,true
12831,111000,280,2025-02-12T09:40:10Z,true
12831,111000,260,2025-02-12T09:35:55Z,false
12831,106000,275,2025-02-12T09:35:41Z,true
12831,111000,250,2025-02-12T09:33:37Z,true
12831,114000,265,2025-02-12T09:33:37Z,false
12831,111000,260,2025-02-12T09:33:23Z,false
12831,115000,265,2025-02-12T09:27:43Z,true
12831,117000,270,2025-02-12T09:26:46Z,false
12831,112000,275,2025-02-12T09:18:35Z,false
12831,108000,250,2025-02-12T09:12:25Z,true
12831,117000,270,2025-02-12T09:09:21Z,false
12831,125000,245,2025-02-12T09:04:43Z,true
12831,118000,270,2025-02-12T09:02:48Z,true
12831,115000,265,2025-02-12T08:53:15Z,true
12831,116000,260,2025-02-12T08:52:41Z,true
12831,118000,270,2025-02-12T08:52:36Z,true
12831,116000,260,2025-02-12T08:49:43Z,true
12831,115000,265,2025-02-12T08:46:23Z,true
12831,116000,275,2025-02-12T08:39:43Z,true
12831,113000,275,2025-02-12T08:38:40Z,false
12831,107000,265,2025-02-12T08:32:13Z,true
12831,118000,270,2025-02-12T08:30:39Z,true
12831,107000,255,2025-02-12T08:26:21Z,true
12831,111000,270,2025-02-12T08:26:18Z,true
12831,118000,270,2025-02-12T08:25:14Z,true
12831,117000,270,2025-02-12T08:24:38Z,true
12831,111000,280,2025-02-12T08:22:57Z,true
12831,115000,265,2025-02-12T08:17:43Z,true
12831,116000,275,2025-02-12T08:15:38Z,true
12831,115000,275,2025-02-12T08:09:28Z,true
12831,115000,265,2025-02-12T08:06:58Z,true
12831,116000,260,2025-02-12T08:01:02Z,true
12831,107000,275,2025-02-12T08:00:07Z,true
12831,117000,270,2025-02-12T08:00:04Z,true
12831,113000,275,2025-02-12T07:57:21Z,false
12831,115000,265,2025-02-12T07:53:50Z,true
12831,117000,270,2025-02-12T07:52:41Z,true
12831,115000,265,2025-02-12T07:52:19Z,true
12831,115000,260,2025-02-12T07:37:50Z,true
12831,114000,260,2025-02-12T07:35:57Z,true
12831,117000,270,2025-02-12T07:35:28Z,true
12831,114000,260,2025-02-12T07:32:19Z,true
12831,117000,270,2025-02-12T07:23:26Z,true
12831,118000,270,2025-02-12T07:21:56Z,false
12831,115000,275,2025-02-12T07:11:11Z,true
12831,113000,280,2025-02-12T07:09:25Z,false
12831,110000,270,2025-02-12T07:06:02Z,true
12831,112000,260,2025-02-12T07:04:27Z,false
12831,113000,275,2025-02-12T07:00:37Z,false
12831,111000,250,2025-02-12T06:58:03Z,true
12831,117000,270,2025-02-12T06:57:26Z,true
12831,117000,270,2025-02-12T06:56:28Z,true
12831,117000,270,2025-02-12T06:55:33Z,true
12831,112000,260,2025-02-12T06:54:01Z,true
12831,115000,275,2025-02-12T06:52:40Z,true
12831,117000,270,2025-02-12T06:48:24Z,true
12831,114000,265,2025-02-12T06:46:41Z,true
12831,115000,275,2025-02-12T06:46:00Z,true
12831,111000,290,2025-02-12T06:41:29Z,true
12831,117000,270,2025-02-12T06:39:00Z,true
12831,117000,270,2025-02-12T06:38:44Z,true
12831,106000,270,2025-02-12T06:36:52Z,false
12831,111000,290,2025-02-12T06:32:00Z,false
12831,117000,270,2025-02-12T06:31:24Z,true
12831,111000,260,2025-02-12T06:24:33Z,true
12831,105000,285,2025-02-12T06:22:17Z,true
12831,114000,265,2025-02-12T06:22:17Z,true
12831,115000,275,2025-02-12T06:21:50Z,true
12831,112000,250,2025-02-12T06:19:22Z,false
12831,116000,270,2025-02-12T06:18:41Z,true
12831,111000,290,2025-02-12T06:15:16Z,false
12831,115000,270,2025-02-12T06:12:15Z,true
12831,110000,250,2025-02-12T06:11:37Z,true
12831,118000,270,2025-02-12T06:10:21Z,false
12831,111000,285,2025-02-12T06:09:35Z,false
12831,113000,265,2025-02-12T06:09:10Z,true
12831,105000,255,2025-02-12T06:09:04Z,true
12831,112000,265,2025-02-12T06:07:30Z,true
12831,107000,270,2025-02-12T06:06:28Z,false
12831,114000,265,2025-02-12T06:01:46Z,false
12831,110000,260,2025-02-12T05:55:12Z,false
12831,111000,260,2025-02-12T05:53:28Z,true
12831,114000,270,2025-02-12T05:51:05Z,true
12831,105000,250,2025-02-12T05:49:45Z,false
12831,114000,265,2025-02-12T05:47:17Z,false
12831,110000,255,2025-02-12T05:45:11Z,true
12831,111000,290,2025-02-12T05:42:56Z,false
12831,113000,265,2025-02-12T05:42:47Z,true
12831,111000,255,2025-02-12T04:07:44Z,true
12831,114000,265,2025-02-12T04:01:48Z,true
12831,115000,265,2025-02-12T03:56:39Z,false
12831,113000,280,2025-02-12T03:53:09Z,false
12831,116000,270,2025-02-12T03:46:50Z,true
12831,112000,250,2025-02-12T03:43:58Z,false
12831,116000,270,2025-02-12T03:41:53Z,true
12831,116000,270,2025-02-12T03:38:31Z,true
12831,111000,280,2025-02-12T03:31:06Z,true
12831,114000,265,2025-02-12T03:29:51Z,true
12831,111000,250,2025-02-12T03:28:51Z,true
12831,108000,275,2025-02-12T03:25:23Z,true
12831,108000,290,2025-02-12T03:21:53Z,true
12831,115000,275,2025-02-12T03:20:39Z,true
12831,116000,270,2025-02-12T03:16:57Z,true
12831,110000,270,2025-02-12T03:16:37Z,false
12831,113000,260,2025-02-12T03:11:02Z,true
12831,115000,275,2025-02-12T03:10:18Z,true
12831,113000,260,2025-02-12T03:07:21Z,true
12831,112000,265,2025-02-12T03:04:22Z,false
12831,107000,265,2025-02-12T03:03:08Z,true
12831,111000,255,2025-02-12T03:03:06Z,true
12831,111000,255,2025-02-12T03:01:23Z,true
12831,116000,270,2025-02-12T02:57:45Z,true
12831,114000,265,2025-02-12T02:56:36Z,true
12831,111000,280,2025-02-12T02:51:38Z,true
12831,121000,285,2025-02-12T02:48:33Z,true
12831,115000,295,2025-02-12T02:34:48Z,false
12831,111000,255,2025-02-12T02:33:21Z,true
12831,115000,275,2025-02-12T02:31:39Z,true
12831,114000,265,2025-02-12T02:30:18Z,true
12831,111000,250,2025-02-12T02:30:03Z,true
12831,114000,265,2025-02-12T02:29:18Z,true
12831,116000,270,2025-02-12T02:28:25Z,true
12831,111000,265,2025-02-12T02:20:18Z,false
12831,111000,280,2025-02-12T02:14:52Z,true
12831,115000,270,2025-02-12T02:12:19Z,true
12831,112000,260,2025-02-12T02:11:22Z,true
12831,114000,265,2025-02-12T02:08:28Z,true
12831,113000,275,2025-02-12T02:02:59Z,false
12831,111000,250,2025-02-12T02:01:40Z,true
12831,115000,275,2025-02-12T02:01:20Z,true
12831,113000,275,2025-02-12T01:59:53Z,false
12831,108000,265,2025-02-12T01:54:31Z,true
12831,114000,270,2025-02-12T01:46:59Z,true
12831,111000,260,2025-02-12T01:39:23Z,true
12831,114000,265,2025-02-12T01:37:05Z,true
12831,114000,270,2025-02-12T01:35:37Z,false
12831,115000,275,2025-02-12T01:28:56Z,true
12831,108000,265,2025-02-12T01:22:46Z,true
12831,114000,265,2025-02-12T01:21:16Z,true
12831,108000,260,2025-02-12T01:17:58Z,false
12831,101000,300,2025-02-12T01:05:06Z,false
12831,129000,245,2025-02-12T01:02:53Z,false
12831,108000,265,2025-02-12T01:02:21Z,true
12831,111000,280,2025-02-12T00:53:53Z,true
12831,114000,290,2025-02-12T00:49:15Z,true
12831,111000,280,2025-02-12T00:44:44Z,true
12831,111000,280,2025-02-12T00:41:40Z,true
12831,111000,280,2025-02-12T00:39:52Z,true
12831,109000,260,2025-02-12T00:39:38Z,false
12831,115000,270,2025-02-12T00:37:11Z,true
12831,111000,280,2025-02-12T00:32:15Z,true
12831,111000,280,2025-02-12T00:29:43Z,true
12831,111000,255,2025-02-12T00:28:49Z,true
12831,115000,270,2025-02-12T00:26:20Z,true
12831,115000,275,2025-02-12T00:25:56Z,true
12831,114000,265,2025-02-12T00:24:42Z,true
12831,115000,270,2025-02-12T00:21:57Z,true
12831,111000,280,2025-02-12T00:15:08Z,true
12831,113000,270,2025-02-12T00:11:26Z,false
12831,114000,275,2025-02-12T00:08:47Z,true
12831,110000,255,2025-02-12T00:02:30Z,false
12831,115000,270,2025-02-12T00:01:31Z,true
12831,114000,275,2025-02-11T23:57:53Z,true
12831,107000,275,2025-02-11T23:53:14Z,true
12831,111000,250,2025-02-11T23:49:50Z,true
12831,115000,270,2025-02-11T23:41:25Z,true
12831,126000,245,2025-02-11T23:40:43Z,true
12831,114000,275,2025-02-11T23:36:53Z,true
12831,115000,270,2025-02-11T23:31:33Z,true
12831,110000,270,2025-02-11T23:22:48Z,true
12831,115000,270,2025-02-11T23:20:09Z,true
12831,111000,255,2025-02-11T23:12:30Z,true
12831,111000,280,2025-02-11T23:04:00Z,true
12831,108000,275,2025-02-11T22:58:43Z,true
12831,109000,260,2025-02-11T22:26:29Z,false
12831,125000,245,2025-02-11T22:25:42Z,true
12831,111000,280,2025-02-11T22:24:17Z,true
12831,111000,255,2025-02-11T22:13:34Z,true
12831,112000,260,2025-02-11T22:11:48Z,true
12831,114000,270,2025-02-11T21:41:23Z,true
12831,114000,270,2025-02-11T20:41:56Z,true
12831,113000,265,2025-02-11T20:14:16Z,true
12831,111000,250,2025-02-11T19:36:59Z,true
12831,112000,265,2025-02-11T19:26:52Z,false
12831,113000,265,2025-02-11T19:18:29Z,true
12831,112000,265,2025-02-11T18:47:27Z,true
12831,111000,280,2025-02-11T18:28:26Z,true
12831,112000,275,2025-02-11T18:26:33Z,false
12831,111000,260,2025-02-11T18:11:14Z,true
12831,114000,275,2025-02-11T18:02:45Z,true
12831,112000,265,2025-02-11T18:00:32Z,true
12831,111000,275,2025-02-11T17:56:14Z,true
12831,111000,275,2025-02-11T17:55:27Z,true
12831,111000,275,2025-02-11T17:54:36Z,true
12831,111000,275,2025-02-11T17:53:56Z,true
12831,111000,275,2025-02-11T17:53:29Z,true
12831,111000,275,2025-02-11T17:53:10Z,true
12831,109000,260,2025-02-11T17:53:05Z,false
12831,111000,275,2025-02-11T17:51:27Z,true
12831,125000,245,2025-02-11T17:50:55Z,true
12831,111000,275,2025-02-11T17:50:48Z,true
12831,111000,275,2025-02-11T17:49:34Z,true
12831,111000,275,2025-02-11T17:48:49Z,true
12831,111000,275,2025-02-11T17:48:08Z,true
12831,111000,275,2025-02-11T17:47:30Z,true
12831,115000,275,2025-02-11T17:45:35Z,true
12831,111000,275,2025-02-11T17:35:24Z,true
12831,111000,275,2025-02-11T17:22:20Z,true
12831,114000,270,2025-02-11T17:17:17Z,true
12831,112000,265,2025-02-11T17:16:39Z,true
12831,111000,275,2025-02-11T17:10:38Z,true
12831,111000,275,2025-02-11T17:08:02Z,true
12831,111000,260,2025-02-11T17:07:15Z,true
12831,111000,275,2025-02-11T17:06:18Z,true
12831,111000,275,2025-02-11T17:05:09Z,true
12831,111000,275,2025-02-11T17:04:35Z,true
12831,112000,275,2025-02-11T17:03:48Z,false
12831,111000,275,2025-02-11T17:02:33Z,true
12831,112000,260,2025-02-11T17:01:48Z,true
12831,111000,275,2025-02-11T17:01:45Z,true
12831,111000,275,2025-02-11T17:01:18Z,true
12831,111000,275,2025-02-11T17:00:54Z,true
12831,111000,275,2025-02-11T17:00:08Z,true
12831,111000,275,2025-02-11T16:59:08Z,true
12831,111000,275,2025-02-11T16:58:41Z,true
12831,111000,275,2025-02-11T16:58:11Z,true
12831,111000,275,2025-02-11T16:57:45Z,true
12831,111000,275,2025-02-11T16:57:04Z,true
12831,109000,260,2025-02-11T16:53:17Z,false
12831,113000,270,2025-02-11T16:52:46Z,false
12831,115000,270,2025-02-11T16:46:42Z,true
12831,109000,260,2025-02-11T16:45:09Z,false
12831,111000,275,2025-02-11T16:41:42Z,true
12831,115000,270,2025-02-11T16:37:35Z,true
12831,113000,265,2025-02-11T16:33:48Z,true
12831,112000,265,2025-02-11T16:27:18Z,true
12831,112000,265,2025-02-11T16:22:39Z,true
12831,115000,270,2025-02-11T16:18:00Z,true
12831,113000,265,2025-02-11T16:13:25Z,true
12831,122000,285,2025-02-11T16:12:12Z,true
12831,110000,255,2025-02-11T16:05:36Z,false
12831,111000,285,2025-02-11T16:04:56Z,false
12831,112000,260,2025-02-11T15:58:50Z,true
12831,111000,275,2025-02-11T15:57:26Z,true
12831,112000,265,2025-02-11T15:55:36Z,false
12831,115000,280,2025-02-11T15:41:41Z,true
12831,109000,260,2025-02-11T15:41:09Z,false
12831,115000,270,2025-02-11T15:27:55Z,true
12831,114000,275,2025-02-11T15:26:34Z,true
12831,114000,265,2025-02-11T15:25:31Z,true
12831,111000,255,2025-02-11T15:24:49Z,true
12831,114000,265,2025-02-11T15:22:08Z,true
12831,113000,260,2025-02-11T15:12:28Z,true
12831,111000,250,2025-02-11T15:09:21Z,true
12831,115000,270,2025-02-11T15:09:14Z,true
12831,111000,280,2025-02-11T15:04:36Z,true
12831,111000,250,2025-02-11T14:58:45Z,true
12831,109000,260,2025-02-11T14:54:56Z,false
12831,115000,270,2025-02-11T14:54:51Z,true
12831,108000,260,2025-02-11T14:52:21Z,true
12831,113000,270,2025-02-11T14:41:40Z,false
12831,114000,265,2025-02-11T14:41:22Z,true
12831,124000,245,2025-02-11T14:40:58Z,true
12831,124000,245,2025-02-11T14:39:41Z,true
12831,114000,265,2025-02-11T14:35:13Z,true
12831,113000,270,2025-02-11T14:35:05Z,false
12831,116000,270,2025-02-11T14:34:42Z,true
12831,111000,250,2025-02-11T14:33:39Z,true
12831,116000,270,2025-02-11T14:32:38Z,true
12831,111000,265,2025-02-11T14:28:29Z,false
12831,110000,250,2025-02-11T14:24:01Z,true
12831,107000,260,2025-02-11T14:23:20Z,true
12831,115000,270,2025-02-11T14:20:23Z,true
12831,109000,260,2025-02-11T14:18:28Z,false
12831,124000,295,2025-02-11T14:17:55Z,false
12831,115000,270,2025-02-11T14:16:02Z,true
12831,107000,250,2025-02-11T14:15:47Z,true
12831,113000,280,2025-02-11T14:10:22Z,false
12831,112000,260,2025-02-11T14:07:36Z,true
12831,113000,280,2025-02-11T14:06:46Z,false
12831,113000,270,2025-02-11T14:06:07Z,false
12831,114000,275,2025-02-11T14:01:13Z,true
12831,117000,285,2025-02-11T14:00:01Z,true
12831,111000,265,2025-02-11T13:59:23Z,false
12831,115000,280,2025-02-11T13:58:15Z,true
12831,112000,260,2025-02-11T13:56:59Z,true
12831,114000,265,2025-02-11T13:53:16Z,true
12831,109000,260,2025-02-11T13:52:48Z,false
12831,116000,285,2025-02-11T13:52:24Z,true
12831,116000,285,2025-02-11T13:51:39Z,true
12831,114000,270,2025-02-11T13:50:23Z,true
12831,108000,260,2025-02-11T13:46:07Z,false
12831,114000,265,2025-02-11T13:46:07Z,true
12831,110000,255,2025-02-11T13:43:09Z,true
12831,113000,265,2025-02-11T13:41:46Z,true
12831,114000,270,2025-02-11T13:40:06Z,true
12831,113000,265,2025-02-11T13:31:55Z,true
12831,114000,270,2025-02-11T13:31:06Z,true
12831,113000,265,2025-02-11T13:31:03Z,true
12831,116000,285,2025-02-11T13:29:33Z,true
12831,123000,245,2025-02-11T13:27:38Z,true
12831,109000,250,2025-02-11T13:24:51Z,true
12831,113000,270,2025-02-11T13:23:52Z,false
12831,112000,265,2025-02-11T13:23:45Z,true
12831,115000,270,2025-02-11T13:20:37Z,true
12831,112000,265,2025-02-11T13:20:10Z,true
12831,109000,250,2025-02-11T13:18:46Z,true
12831,112000,270,2025-02-11T13:18:25Z,false
12831,112000,270,2025-02-11T13:14:13Z,false
12831,114000,275,2025-02-11T13:11:04Z,true
12831,112000,280,2025-02-11T13:10:08Z,false
12831,111000,265,2025-02-11T13:06:13Z,false
12831,106000,265,2025-02-11T13:04:40Z,false
12831,115000,285,2025-02-11T13:04:32Z,true
12831,116000,270,2025-02-11T13:01:23Z,true
12831,113000,265,2025-02-11T13:01:23Z,true
12831,113000,260,2025-02-11T13:00:56Z,true
12831,115000,270,2025-02-11T13:00:34Z,true
12831,114000,270,2025-02-11T12:58:49Z,true
12831,115000,270,2025-02-11T12:54:16Z,true
12831,109000,250,2025-02-11T12:53:43Z,true
12831,112000,280,2025-02-11T12:48:24Z,false
12831,144000,240,2025-02-11T12:48:20Z,true
12831,113000,255,2025-02-11T12:46:52Z,true
12831,109000,250,2025-02-11T12:43:02Z,true
12831,112000,270,2025-02-11T12:41:32Z,false
12831,123000,245,2025-02-11T12:40:56Z,true
12831,115000,270,2025-02-11T12:40:55Z,true
12831,113000,260,2025-02-11T12:36:42Z,true
12831,115000,270,2025-02-11T12:29:09Z,true
12831,108000,260,2025-02-11T12:27:32Z,false
12831,112000,270,2025-02-11T12:25:55Z,false
12831,109000,255,2025-02-11T12:21:38Z,false
12831,108000,280,2025-02-11T12:18:54Z,true
12831,114000,275,2025-02-11T12:15:03Z,true
12831,113000,255,2025-02-11T12:14:51Z,true
12831,113000,255,2025-02-11T12:13:16Z,true
12831,114000,270,2025-02-11T12:11:50Z,true
12831,110000,250,2025-02-11T12:01:14Z,false
12831,112000,275,2025-02-11T12:00:17Z,false
12831,114000,265,2025-02-11T12:00:17Z,true
12831,124000,245,2025-02-11T11:56:56Z,false
12831,115000,270,2025-02-11T11:53:53Z,true
12831,122000,245,2025-02-11T11:51:59Z,true
12831,116000,280,2025-02-11T11:51:00Z,true
12831,108000,260,2025-02-11T11:50:16Z,false
12831,111000,265,2025-02-11T11:49:39Z,false
12831,115000,285,2025-02-11T11:49:29Z,true
12831,115000,270,2025-02-11T11:41:25Z,true
12831,110000,290,2025-02-11T11:37:58Z,true
12831,111000,275,2025-02-11T11:36:33Z,false
12831,111000,260,2025-02-11T11:35:14Z,true
12831,113000,255,2025-02-11T11:34:24Z,true
12831,110000,270,2025-02-11T11:34:14Z,true
12831,113000,260,2025-02-11T11:32:45Z,true
12831,114000,265,2025-02-11T11:27:47Z,true
12831,114000,265,2025-02-11T11:25:22Z,true
12831,110000,275,2025-02-11T11:23:32Z,false
12831,113000,255,2025-02-11T11:21:05Z,true
12831,109000,250,2025-02-11T11:17:28Z,true
12831,112000,260,2025-02-11T11:12:40Z,true
12831,114000,265,2025-02-11T11:10:10Z,true
12831,112000,260,2025-02-11T11:03:54Z,true
12831,111000,265,2025-02-11T11:03:47Z,false
12831,111000,265,2025-02-11T11:01:01Z,false
12831,115000,270,2025-02-11T11:00:37Z,true
12831,109000,250,2025-02-11T10:52:02Z,true
12831,112000,270,2025-02-11T10:51:39Z,false
12831,113000,270,2025-02-11T10:49:37Z,true
12831,113000,275,2025-02-11T10:49:16Z,true
12831,111000,265,2025-02-11T10:45:34Z,false
12831,124000,240,2025-02-11T10:43:58Z,false
12831,143000,240,2025-02-11T10:42:05Z,true
12831,114000,265,2025-02-11T10:41:22Z,true
12831,114000,270,2025-02-11T10:38:42Z,true
12831,111000,260,2025-02-11T10:38:34Z,true
12831,110000,265,2025-02-11T10:24:22Z,true
12831,110000,275,2025-02-11T10:21:19Z,false
12831,107000,255,2025-02-11T10:18:25Z,false
12831,112000,280,2025-02-11T10:15:50Z,false
12831,115000,270,2025-02-11T10:12:55Z,true
12831,114000,260,2025-02-11T10:12:10Z,true
12831,115000,270,2025-02-11T10:11:44Z,true
12831,111000,275,2025-02-11T10:11:07Z,true
12831,111000,275,2025-02-11T10:10:18Z,true
12831,111000,275,2025-02-11T10:09:34Z,true
12831,115000,270,2025-02-11T10:07:32Z,true
12831,113000,275,2025-02-11T10:07:32Z,true
12831,112000,270,2025-02-11T10:06:25Z,false
12831,114000,265,2025-02-11T10:00:56Z,true
12831,115000,270,2025-02-11T10:00:41Z,true
12831,108000,260,2025-02-11T10:00:05Z,false
12831,115000,270,2025-02-11T09:58:51Z,true
12831,115000,270,2025-02-11T09:57:34Z,true
12831,111000,275,2025-02-11T09:55:29Z,true
12831,111000,260,2025-02-11T09:54:42Z,true
12831,111000,275,2025-02-11T09:53:32Z,true
12831,111000,280,2025-02-11T09:52:41Z,false
12831,111000,275,2025-02-11T09:52:40Z,true
12831,111000,275,2025-02-11T09:51:59Z,true
12831,111000,275,2025-02-11T09:51:15Z,true
12831,111000,275,2025-02-11T09:50:24Z,true
12831,111000,275,2025-02-11T09:49:59Z,true
12831,111000,275,2025-02-11T09:49:18Z,true
12831,114000,265,2025-02-11T09:49:17Z,true
12831,113000,265,2025-02-11T09:48:04Z,true
12831,113000,265,2025-02-11T09:46:36Z,true
12831,113000,275,2025-02-11T09:46:24Z,true
12831,111000,280,2025-02-11T09:43:23Z,false
12831,111000,275,2025-02-11T09:41:46Z,true
12831,111000,260,2025-02-11T09:41:22Z,true
12831,110000,260,2025-02-11T09:40:05Z,true
12831,112000,275,2025-02-11T09:38:43Z,true
12831,112000,275,2025-02-11T09:37:23Z,true
12831,112000,270,2025-02-11T09:36:56Z,false
12831,113000,265,2025-02-11T09:27:05Z,true
12831,106000,265,2025-02-11T09:23:23Z,false
12831,109000,250,2025-02-11T09:22:57Z,true
12831,115000,270,2025-02-11T09:22:34Z,true
12831,109000,265,2025-02-11T09:21:32Z,false
12831,111000,260,2025-02-11T09:20:42Z,true
12831,105000,270,2025-02-11T09:20:12Z,false
12831,111000,285,2025-02-11T09:09:27Z,false
12831,109000,250,2025-02-11T09:02:37Z,true
12831,109000,250,2025-02-11T09:00:29Z,true
12831,110000,265,2025-02-11T08:58:42Z,true
12831,113000,265,2025-02-11T08:57:26Z,true
12831,106000,270,2025-02-11T08:57:05Z,false
12831,107000,270,2025-02-11T08:56:32Z,false
12831,111000,260,2025-02-11T08:56:01Z,true
12831,110000,265,2025-02-11T08:56:00Z,false
12831,109000,265,2025-02-11T08:53:45Z,false
12831,110000,265,2025-02-11T08:50:03Z,false
12831,110000,300,2025-02-11T08:48:56Z,true
12831,115000,285,2025-02-11T08:47:04Z,true
12831,113000,265,2025-02-11T08:45:33Z,true
12831,112000,275,2025-02-11T08:43:49Z,true
12831,111000,280,2025-02-11T08:42:30Z,false
12831,112000,275,2025-02-11T08:38:10Z,true
12831,114000,270,2025-02-11T08:36:50Z,true
12831,110000,270,2025-02-11T08:29:35Z,true
12831,111000,260,2025-02-11T08:24:36Z,true
12831,115000,270,2025-02-11T08:22:16Z,true
12831,114000,255,2025-02-11T08:10:20Z,true
12831,112000,270,2025-02-11T08:07:42Z,false
12831,109000,270,2025-02-11T08:01:49Z,true
12831,114000,270,2025-02-11T08:01:17Z,true
12831,110000,265,2025-02-11T08:00:49Z,false
12831,111000,260,2025-02-11T07:57:08Z,true
12831,111000,275,2025-02-11T07:54:00Z,true
12831,113000,265,2025-02-11T07:53:17Z,true
12831,113000,255,2025-02-11T07:51:02Z,true
12831,116000,280,2025-02-11T07:50:52Z,true
12831,110000,265,2025-02-11T07:50:47Z,true
12831,108000,260,2025-02-11T07:50:16Z,false
12831,105000,285,2025-02-11T07:46:29Z,true
12831,108000,290,2025-02-11T07:43:41Z,true
12831,115000,270,2025-02-11T07:37:59Z,true
12831,114000,270,2025-02-11T07:36:42Z,true
12831,113000,255,2025-02-11T07:34:06Z,true
12831,113000,255,2025-02-11T07:26:31Z,true
12831,111000,275,2025-02-11T07:23:10Z,true
12831,98000,300,2025-02-11T07:20:58Z,false
12831,110000,265,2025-02-11T07:18:48Z,false
12831,111000,275,2025-02-11T07:09:59Z,true
12831,109000,300,2025-02-11T07:09:23Z,true
12831,115000,270,2025-02-11T07:08:03Z,true
12831,110000,260,2025-02-11T07:08:01Z,true
12831,110000,275,2025-02-11T07:05:19Z,false
12831,109000,255,2025-02-11T07:03:12Z,false
12831,110000,260,2025-02-11T07:01:47Z,true
12831,110000,265,2025-02-11T07:00:54Z,false
12831,112000,270,2025-02-11T06:59:19Z,false
12831,110000,275,2025-02-11T06:58:54Z,false
12831,112000,270,2025-02-11T06:56:33Z,false
12831,110000,265,2025-02-11T06:56:17Z,false
12831,97000,300,2025-02-11T06:54:22Z,false
12831,143000,240,2025-02-11T06:53:41Z,true
12831,109000,265,2025-02-11T06:46:13Z,true
12831,109000,250,2025-02-11T06:44:38Z,true
12831,115000,270,2025-02-11T06:38:47Z,true
12831,111000,275,2025-02-11T06:37:56Z,true
12831,109000,250,2025-02-11T06:36:45Z,true
12831,114000,270,2025-02-11T06:36:44Z,true
12831,109000,250,2025-02-11T06:33:41Z,true
12831,109000,250,2025-02-11T06:32:53Z,true
12831,110000,275,2025-02-11T06:30:58Z,false
12831,109000,250,2025-02-11T06:27:17Z,true
12831,109000,250,2025-02-11T06:26:35Z,true
12831,114000,270,2025-02-11T06:25:58Z,true
12831,109000,250,2025-02-11T06:25:52Z,true
12831,113000,255,2025-02-11T06:24:58Z,true
12831,109000,250,2025-02-11T06:24:09Z,true
12831,110000,265,2025-02-11T06:22:13Z,false
12831,109000,250,2025-02-11T06:19:53Z,true
12831,109000,250,2025-02-11T06:15:44Z,true
12831,109000,250,2025-02-11T06:14:53Z,true
12831,113000,255,2025-02-11T06:13:54Z,true
12831,109000,250,2025-02-11T06:13:42Z,true
12831,115000,270,2025-02-11T06:13:34Z,true
12831,109000,250,2025-02-11T06:12:39Z,true
12831,114000,265,2025-02-11T06:04:45Z,true
12831,109000,250,2025-02-11T06:04:43Z,true
12831,111000,260,2025-02-11T06:04:00Z,true
12831,108000,255,2025-02-11T06:03:54Z,true
12831,111000,260,2025-02-11T06:02:13Z,true
12831,109000,260,2025-02-11T05:58:49Z,false
12831,107000,260,2025-02-11T05:57:20Z,false
12831,113000,270,2025-02-11T05:57:20Z,true
12831,113000,270,2025-02-11T05:57:20Z,false
12831,114000,265,2025-02-11T05:57:19Z,true
12831,111000,260,2025-02-11T05:52:13Z,true
12831,113000,270,2025-02-11T05:52:12Z,false
12831,123000,245,2025-02-11T05:51:43Z,true
12831,113000,275,2025-02-11T05:51:09Z,true
12831,115000,270,2025-02-11T05:49:41Z,true
12831,113000,270,2025-02-11T05:48:59Z,false
12831,113000,255,2025-02-11T05:45:00Z,true
12831,108000,275,2025-02-11T05:40:39Z,true
12831,114000,265,2025-02-11T05:26:38Z,true
12831,113000,275,2025-02-11T05:25:09Z,true
12831,113000,255,2025-02-11T05:22:02Z,true
12831,111000,280,2025-02-11T05:21:01Z,false
12831,109000,255,2025-02-11T05:19:57Z,false
12831,108000,280,2025-02-11T05:19:01Z,true
12831,113000,275,2025-02-11T05:17:11Z,true
12831,115000,270,2025-02-11T05:16:18Z,true
12831,115000,270,2025-02-11T05:15:11Z,true
12831,109000,250,2025-02-11T05:10:57Z,true
12831,112000,260,2025-02-11T05:10:20Z,true
12831,108000,280,2025-02-11T05:09:20Z,true
12831,111000,265,2025-02-11T05:07:18Z,false
12831,115000,270,2025-02-11T05:04:00Z,true
12831,113000,275,2025-02-11T05:01:28Z,true
12831,115000,270,2025-02-11T04:59:08Z,true
12831,115000,270,2025-02-11T04:51:52Z,true
12831,108000,260,2025-02-11T04:51:36Z,true
12831,109000,265,2025-02-11T04:50:34Z,false
12831,112000,285,2025-02-11T04:46:04Z,false
12831,112000,260,2025-02-11T04:45:51Z,true
12831,115000,285,2025-02-11T04:45:12Z,true
12831,106000,260,2025-02-11T04:44:25Z,false
12831,109000,250,2025-02-11T04:38:40Z,true
12831,115000,270,2025-02-11T04:34:30Z,true
12831,114000,265,2025-02-11T04:32:06Z,true
12831,115000,270,2025-02-11T04:31:44Z,true
12831,114000,265,2025-02-11T04:26:23Z,true
12831,109000,265,2025-02-11T04:25:38Z,false
12831,112000,280,2025-02-11T04:23:24Z,false
12831,113000,255,2025-02-11T04:22:08Z,true
12831,114000,270,2025-02-11T04:18:58Z,true
12831,122000,295,2025-02-11T04:17:44Z,false
12831,114000,265,2025-02-11T04:15:47Z,true
12831,111000,270,2025-02-11T04:15:38Z,true
12831,114000,265,2025-02-11T04:13:35Z,true
12831,108000,260,2025-02-11T04:09:40Z,false
12831,113000,275,2025-02-11T04:06:17Z,true
12831,112000,275,2025-02-11T04:04:43Z,false
12831,114000,265,2025-02-11T04:03:46Z,true
12831,115000,270,2025-02-11T04:03:31Z,true
12831,115000,270,2025-02-11T04:02:23Z,true
12831,123000,245,2025-02-11T04:01:02Z,true
12831,114000,270,2025-02-11T04:00:17Z,true
12831,112000,260,2025-02-11T03:58:49Z,true
12831,112000,275,2025-02-11T03:52:23Z,false
12831,109000,255,2025-02-11T03:42:52Z,false
12831,114000,270,2025-02-11T03:37:52Z,true
12831,114000,270,2025-02-11T03:36:54Z,true
12831,114000,270,2025-02-11T03:36:50Z,true
12831,118000,280,2025-02-11T03:36:46Z,true
12831,111000,280,2025-02-11T03:31:31Z,true
12831,111000,280,2025-02-11T03:30:51Z,true
12831,111000,280,2025-02-11T03:30:10Z,true
12831,111000,280,2025-02-11T03:29:34Z,true
12831,111000,280,2025-02-11T03:28:51Z,true
12831,111000,280,2025-02-11T03:28:13Z,true
12831,111000,280,2025-02-11T03:27:32Z,true
12831,113000,275,2025-02-11T03:27:17Z,true
12831,109000,250,2025-02-11T03:21:44Z,true
12831,115000,285,2025-02-11T03:21:33Z,true
12831,114000,265,2025-02-11T03:17:16Z,true
12831,111000,260,2025-02-11T03:16:10Z,true
12831,111000,280,2025-02-11T03:15:09Z,true
12831,111000,280,2025-02-11T03:14:26Z,true
12831,112000,260,2025-02-11T03:14:25Z,true
12831,110000,265,2025-02-11T03:13:37Z,false
12831,111000,280,2025-02-11T03:12:31Z,true
12831,113000,275,2025-02-11T03:09:48Z,true
12831,126000,240,2025-02-11T03:06:18Z,true
12831,113000,265,2025-02-11T02:59:04Z,true
12831,113000,270,2025-02-11T02:55:14Z,false
12831,109000,270,2025-02-11T02:55:09Z,true
12831,114000,270,2025-02-11T02:52:40Z,true
12831,111000,280,2025-02-11T02:48:49Z,true
12831,111000,275,2025-02-11T02:44:52Z,true
12831,111000,280,2025-02-11T02:41:27Z,true
12831,113000,270,2025-02-11T02:40:07Z,false
12831,117000,290,2025-02-11T02:32:38Z,true
12831,112000,280,2025-02-11T02:27:16Z,false
12831,113000,265,2025-02-11T02:18:42Z,true
12831,113000,255,2025-02-11T02:18:27Z,true
12831,105000,290,2025-02-11T02:17:31Z,true
12831,109000,260,2025-02-11T02:11:06Z,false
12831,113000,255,2025-02-11T02:03:57Z,true
12831,113000,265,2025-02-11T02:01:20Z,true
12831,111000,285,2025-02-11T02:01:18Z,false
12831,111000,255,2025-02-11T01:55:47Z,true
12831,115000,270,2025-02-11T01:55:47Z,true
12831,113000,260,2025-02-11T01:52:37Z,true
12831,112000,265,2025-02-11T01:50:15Z,true
12831,106000,285,2025-02-11T01:50:04Z,false
12831,113000,270,2025-02-11T01:48:44Z,false
12831,114000,275,2025-02-11T01:41:20Z,true
12831,109000,250,2025-02-11T01:36:54Z,true
12831,112000,265,2025-02-11T01:35:15Z,true
12831,109000,255,2025-02-11T01:34:04Z,false
12831,112000,265,2025-02-11T01:33:23Z,true
12831,115000,270,2025-02-11T01:28:16Z,true
12831,108000,280,2025-02-11T01:27:54Z,true
12831,111000,275,2025-02-11T01:23:03Z,true
12831,112000,265,2025-02-11T01:15:27Z,true
12831,112000,265,2025-02-11T01:13:29Z,true
12831,112000,265,2025-02-11T01:11:50Z,true
12831,118000,280,2025-02-11T01:04:56Z,true
12831,114000,275,2025-02-11T01:03:56Z,true
12831,112000,265,2025-02-11T00:59:13Z,true
12831,115000,270,2025-02-11T00:54:26Z,true
12831,111000,265,2025-02-11T00:47:32Z,false
12831,113000,270,2025-02-11T00:40:39Z,false
12831,119000,280,2025-02-11T00:26:19Z,true
12831,111000,255,2025-02-11T00:19:01Z,true
12831,113000,260,2025-02-11T00:00:40Z,true
12831,115000,270,2025-02-10T23:58:35Z,true
12831,113000,260,2025-02-10T23:55:34Z,true
12831,112000,275,2025-02-10T23:47:53Z,false
12831,129000,240,2025-02-10T23:42:49Z,true
12831,113000,260,2025-02-10T23:41:07Z,true
12831,120000,245,2025-02-10T23:39:06Z,true
12831,108000,260,2025-02-10T23:17:26Z,false
12831,114000,270,2025-02-10T23:13:01Z,true
12831,109000,250,2025-02-10T23:01:26Z,true
12831,109000,250,2025-02-10T22:51:59Z,true
12831,110000,255,2025-02-10T22:49:30Z,true
12831,113000,270,2025-02-10T22:41:27Z,true
12831,111000,265,2025-02-10T22:18:21Z,false
12831,113000,260,2025-02-10T22:03:52Z,true
12831,114000,275,2025-02-10T22:01:08Z,true
12831,114000,270,2025-02-10T21:11:06Z,true
12831,113000,275,2025-02-10T20:59:45Z,true
12831,113000,275,2025-02-10T20:40:18Z,true
12831,112000,250,2025-02-10T19:27:10Z,true
12831,107000,260,2025-02-10T19:27:01Z,false
12831,110000,265,2025-02-10T19:08:10Z,false
12831,113000,270,2025-02-10T19:07:03Z,false
12831,110000,275,2025-02-10T19:00:20Z,true
12831,110000,275,2025-02-10T18:59:41Z,true
12831,110000,275,2025-02-10T18:59:17Z,true
12831,110000,275,2025-02-10T18:58:23Z,true
12831,110000,275,2025-02-10T18:57:39Z,true
12831,110000,275,2025-02-10T18:57:07Z,true
12831,110000,275,2025-02-10T18:56:27Z,true
12831,110000,275,2025-02-10T18:55:33Z,true
12831,110000,275,2025-02-10T18:54:58Z,true
12831,110000,275,2025-02-10T18:53:47Z,true
12831,111000,250,2025-02-10T18:53:29Z,true
12831,110000,275,2025-02-10T18:52:58Z,true
12831,114000,260,2025-02-10T18:52:38Z,true
12831,110000,275,2025-02-10T18:52:34Z,true
12831,110000,275,2025-02-10T18:51:36Z,true
12831,110000,275,2025-02-10T18:50:59Z,true
12831,110000,275,2025-02-10T18:50:19Z,true
12831,110000,275,2025-02-10T18:49:32Z,true
12831,110000,275,2025-02-10T18:49:04Z,true
12831,110000,275,2025-02-10T18:48:04Z,true
12831,110000,275,2025-02-10T18:47:31Z,true
12831,110000,275,2025-02-10T18:46:28Z,true
12831,110000,275,2025-02-10T18:45:54Z,true
12831,110000,275,2025-02-10T18:45:30Z,true
12831,110000,275,2025-02-10T18:44:58Z,true
12831,110000,275,2025-02-10T18:44:31Z,true
12831,110000,275,2025-02-10T18:43:56Z,true
12831,115000,275,2025-02-10T18:41:32Z,true
12831,119000,280,2025-02-10T18:21:40Z,true
12831,114000,275,2025-02-10T17:57:48Z,true
12831,111000,275,2025-02-10T17:53:12Z,true
12831,110000,275,2025-02-10T17:51:54Z,true
12831,110000,275,2025-02-10T17:51:22Z,true
12831,110000,275,2025-02-10T17:50:46Z,true
12831,110000,275,2025-02-10T17:50:07Z,true
12831,111000,255,2025-02-10T17:36:02Z,true
12831,113000,270,2025-02-10T17:35:15Z,true
12831,111000,255,2025-02-10T17:35:00Z,true
12831,118000,280,2025-02-10T17:35:00Z,true
12831,113000,265,2025-02-10T17:28:38Z,true
12831,112000,280,2025-02-10T17:22:40Z,false
12831,111000,250,2025-02-10T17:21:21Z,true
12831,114000,270,2025-02-10T17:08:17Z,true
12831,114000,275,2025-02-10T16:51:10Z,true
12831,113000,280,2025-02-10T16:51:01Z,true
12831,109000,275,2025-02-10T16:45:32Z,true
12831,114000,260,2025-02-10T16:44:38Z,true
12831,117000,290,2025-02-10T16:42:17Z,true
12831,113000,280,2025-02-10T16:41:44Z,true
12831,109000,265,2025-02-10T16:40:49Z,true
12831,112000,280,2025-02-10T16:36:28Z,true
12831,112000,280,2025-02-10T16:35:55Z,true
12831,112000,280,2025-02-10T16:35:16Z,true
12831,113000,265,2025-02-10T16:31:21Z,true
12831,112000,280,2025-02-10T16:29:54Z,true
12831,112000,280,2025-02-10T16:29:04Z,true
12831,112000,280,2025-02-10T16:28:22Z,true
12831,112000,280,2025-02-10T16:28:01Z,true
12831,112000,280,2025-02-10T16:27:30Z,true
12831,113000,265,2025-02-10T16:27:06Z,true
12831,112000,280,2025-02-10T16:26:58Z,true
12831,112000,280,2025-02-10T16:26:29Z,false
12831,112000,280,2025-02-10T16:26:15Z,true
12831,133000,240,2025-02-10T16:25:53Z,true
12831,112000,280,2025-02-10T16:25:21Z,true
12831,112000,280,2025-02-10T16:24:36Z,true
12831,112000,280,2025-02-10T16:20:52Z,true
12831,109000,265,2025-02-10T16:20:19Z,false
12831,112000,280,2025-02-10T16:19:37Z,true
12831,113000,270,2025-02-10T16:18:20Z,true
12831,113000,260,2025-02-10T16:15:37Z,true
12831,106000,285,2025-02-10T16:14:28Z,false
12831,112000,280,2025-02-10T16:11:40Z,true
12831,112000,290,2025-02-10T16:10:38Z,false
12831,112000,290,2025-02-10T16:09:23Z,false
12831,113000,270,2025-02-10T16:08:13Z,true
12831,112000,280,2025-02-10T16:07:58Z,true
12831,111000,280,2025-02-10T16:06:17Z,true
12831,111000,280,2025-02-10T16:05:37Z,true
12831,111000,250,2025-02-10T16:04:43Z,true
12831,112000,270,2025-02-10T16:04:31Z,false
12831,111000,280,2025-02-10T16:04:30Z,true
12831,111000,280,2025-02-10T16:03:35Z,true
12831,111000,280,2025-02-10T16:02:51Z,true
12831,111000,280,2025-02-10T16:02:20Z,true
12831,111000,280,2025-02-10T16:01:30Z,true
12831,115000,275,2025-02-10T16:00:39Z,true
12831,111000,280,2025-02-10T16:00:17Z,true
12831,113000,270,2025-02-10T15:58:38Z,true
12831,112000,280,2025-02-10T15:58:32Z,true
12831,112000,265,2025-02-10T15:55:50Z,true
12831,115000,260,2025-02-10T15:47:11Z,true
12831,113000,270,2025-02-10T15:38:42Z,true
12831,106000,285,2025-02-10T15:28:04Z,false
12831,113000,270,2025-02-10T15:26:37Z,true
12831,114000,265,2025-02-10T15:21:48Z,true
12831,113000,270,2025-02-10T15:21:02Z,true
12831,116000,275,2025-02-10T15:16:33Z,true
12831,124000,245,2025-02-10T15:13:06Z,true
12831,108000,260,2025-02-10T15:08:45Z,false
12831,112000,270,2025-02-10T15:06:08Z,false
12831,110000,255,2025-02-10T15:04:34Z,true
12831,111000,275,2025-02-10T15:02:12Z,false
12831,115000,275,2025-02-10T15:00:39Z,true
12831,113000,270,2025-02-10T14:57:36Z,true
12831,112000,270,2025-02-10T14:55:46Z,true
12831,113000,265,2025-02-10T14:53:47Z,true
12831,111000,275,2025-02-10T14:53:41Z,false
12831,113000,270,2025-02-10T14:51:27Z,true
12831,113000,270,2025-02-10T14:49:13Z,true
12831,108000,260,2025-02-10T14:48:59Z,false
12831,113000,280,2025-02-10T14:46:44Z,true
12831,109000,265,2025-02-10T14:43:10Z,false
12831,111000,265,2025-02-10T14:42:34Z,true
12831,113000,270,2025-02-10T14:42:29Z,true
12831,112000,280,2025-02-10T14:41:31Z,false
12831,113000,280,2025-02-10T14:39:38Z,true
12831,115000,275,2025-02-10T14:37:10Z,true
12831,113000,280,2025-02-10T14:36:52Z,true
12831,112000,270,2025-02-10T14:36:23Z,true
12831,113000,275,2025-02-10T14:36:22Z,true
12831,109000,260,2025-02-10T14:35:34Z,false
12831,114000,265,2025-02-10T14:30:59Z,true
12831,114000,265,2025-02-10T14:29:13Z,true
12831,113000,280,2025-02-10T14:26:45Z,true
12831,112000,270,2025-02-10T14:26:25Z,true
12831,108000,260,2025-02-10T14:24:47Z,false
12831,109000,265,2025-02-10T14:23:38Z,false
12831,112000,275,2025-02-10T14:22:15Z,true
12831,110000,250,2025-02-10T14:21:07Z,true
12831,113000,270,2025-02-10T14:19:37Z,true
12831,112000,270,2025-02-10T14:16:38Z,true
12831,113000,270,2025-02-10T14:14:31Z,true
12831,114000,265,2025-02-10T14:14:29Z,true
12831,109000,255,2025-02-10T14:13:05Z,true
12831,111000,275,2025-02-10T14:12:43Z,false
12831,115000,260,2025-02-10T14:07:26Z,true
12831,112000,270,2025-02-10T14:07:21Z,true
12831,113000,270,2025-02-10T14:06:15Z,true
12831,109000,265,2025-02-10T14:06:15Z,false
12831,113000,280,2025-02-10T14:05:14Z,true
12831,109000,265,2025-02-10T14:02:42Z,false
12831,108000,260,2025-02-10T13:58:12Z,false
12831,112000,270,2025-02-10T13:58:05Z,true
12831,111000,250,2025-02-10T13:56:51Z,true
12831,113000,270,2025-02-10T13:51:14Z,true
12831,108000,255,2025-02-10T13:50:42Z,true
12831,97000,300,2025-02-10T13:49:01Z,false
12831,112000,275,2025-02-10T13:47:48Z,false
12831,108000,260,2025-02-10T13:43:53Z,false
12831,106000,285,2025-02-10T13:41:28Z,false
12831,108000,255,2025-02-10T13:40:13Z,true
12831,110000,250,2025-02-10T13:38:05Z,true
12831,116000,260,2025-02-10T13:37:26Z,true
12831,108000,300,2025-02-10T13:37:13Z,true
12831,113000,270,2025-02-10T13:37:05Z,false
12831,108000,280,2025-02-10T13:36:00Z,true
12831,114000,265,2025-02-10T13:35:45Z,true
12831,111000,265,2025-02-10T13:33:46Z,true
12831,115000,260,2025-02-10T13:31:54Z,true
12831,113000,270,2025-02-10T13:31:08Z,true
12831,113000,280,2025-02-10T13:31:04Z,true
12831,108000,255,2025-02-10T13:30:33Z,true
12831,112000,275,2025-02-10T13:26:57Z,true
12831,124000,245,2025-02-10T13:26:13Z,true
12831,111000,265,2025-02-10T13:25:29Z,true
12831,123000,245,2025-02-10T13:22:23Z,true
12831,113000,280,2025-02-10T13:22:19Z,true
12831,114000,265,2025-02-10T13:20:15Z,true
12831,105000,285,2025-02-10T13:17:05Z,false
12831,114000,265,2025-02-10T13:15:56Z,true
12831,112000,280,2025-02-10T13:14:28Z,false
12831,114000,265,2025-02-10T13:13:42Z,true
12831,113000,280,2025-02-10T13:12:50Z,true
12831,112000,270,2025-02-10T13:07:16Z,true
12831,111000,270,2025-02-10T13:04:22Z,true
12831,108000,255,2025-02-10T13:02:43Z,true
12831,109000,260,2025-02-10T12:59:28Z,true
12831,112000,280,2025-02-10T12:58:06Z,true
12831,143000,240,2025-02-10T12:55:43Z,true
12831,116000,260,2025-02-10T12:48:45Z,true
12831,112000,275,2025-02-10T12:48:07Z,true
12831,105000,285,2025-02-10T12:47:30Z,false
12831,112000,280,2025-02-10T12:42:30Z,false
12831,123000,245,2025-02-10T12:42:09Z,true
12831,111000,270,2025-02-10T12:40:39Z,true
12831,116000,260,2025-02-10T12:38:16Z,true
12831,111000,265,2025-02-10T12:36:54Z,false
12831,111000,270,2025-02-10T12:34:35Z,true
12831,111000,270,2025-02-10T12:33:47Z,true
12831,111000,270,2025-02-10T12:28:04Z,true
12831,106000,285,2025-02-10T12:27:57Z,true
12831,109000,260,2025-02-10T12:27:13Z,false
12831,123000,245,2025-02-10T12:25:43Z,true
12831,111000,270,2025-02-10T12:21:29Z,true
12831,142000,240,2025-02-10T12:19:23Z,true
12831,112000,275,2025-02-10T12:19:02Z,true
12831,113000,270,2025-02-10T12:17:10Z,false
12831,110000,250,2025-02-10T12:16:06Z,true
12831,108000,275,2025-02-10T12:15:42Z,true
12831,111000,270,2025-02-10T12:14:14Z,true
12831,108000,255,2025-02-10T12:12:08Z,true
12831,114000,265,2025-02-10T12:07:40Z,true
12831,112000,275,2025-02-10T12:07:33Z,false
12831,112000,275,2025-02-10T12:07:25Z,true
12831,112000,275,2025-02-10T12:04:03Z,true
12831,112000,280,2025-02-10T12:03:23Z,true
12831,111000,265,2025-02-10T12:03:06Z,false
12831,112000,270,2025-02-10T12:02:21Z,true
12831,112000,270,2025-02-10T12:01:06Z,true
12831,114000,265,2025-02-10T11:59:51Z,true
12831,112000,270,2025-02-10T11:57:01Z,true
12831,112000,270,2025-02-10T11:56:09Z,true
12831,112000,280,2025-02-10T11:53:35Z,true
12831,114000,265,2025-02-10T11:50:59Z,true
12831,108000,255,2025-02-10T11:50:59Z,true
12831,114000,265,2025-02-10T11:50:12Z,true
12831,108000,280,2025-02-10T11:49:27Z,true
12831,109000,255,2025-02-10T11:48:26Z,true
12831,112000,275,2025-02-10T11:45:59Z,true
12831,112000,280,2025-02-10T11:45:48Z,true
12831,117000,260,2025-02-10T11:44:18Z,true
12831,113000,275,2025-02-10T11:43:19Z,false
12831,112000,270,2025-02-10T11:42:59Z,true
12831,115000,285,2025-02-10T11:40:46Z,true
12831,112000,275,2025-02-10T11:40:45Z,true
12831,112000,280,2025-02-10T11:39:49Z,true
12831,111000,270,2025-02-10T11:34:12Z,true
12831,108000,265,2025-02-10T11:33:18Z,true
12831,109000,255,2025-02-10T11:32:15Z,true
12831,111000,275,2025-02-10T11:28:32Z,true
12831,112000,270,2025-02-10T11:26:11Z,true
12831,112000,270,2025-02-10T11:24:32Z,true
12831,117000,260,2025-02-10T11:24:01Z,true
12831,112000,270,2025-02-10T11:22:23Z,true
12831,112000,270,2025-02-10T11:22:06Z,true
12831,114000,265,2025-02-10T11:21:57Z,true
12831,112000,265,2025-02-10T11:20:47Z,false
12831,113000,270,2025-02-10T11:20:37Z,false
12831,109000,255,2025-02-10T11:19:34Z,true
12831,137000,240,2025-02-10T11:18:14Z,false
12831,112000,270,2025-02-10T11:16:50Z,true
12831,109000,255,2025-02-10T11:16:05Z,true
12831,110000,250,2025-02-10T11:14:09Z,true
12831,114000,265,2025-02-10T11:13:58Z,true
12831,117000,260,2025-02-10T11:12:21Z,true
12831,109000,265,2025-02-10T11:09:54Z,true
12831,114000,265,2025-02-10T11:08:29Z,true
12831,114000,260,2025-02-10T11:08:01Z,true
12831,114000,265,2025-02-10T11:07:12Z,true
12831,112000,260,2025-02-10T11:04:54Z,true
12831,112000,260,2025-02-10T11:04:20Z,true
12831,112000,270,2025-02-10T11:02:33Z,true
12831,112000,270,2025-02-10T11:01:41Z,true
12831,110000,255,2025-02-10T10:59:43Z,false
12831,110000,260,2025-02-10T10:59:18Z,false
12831,111000,260,2025-02-10T10:58:05Z,true
12831,110000,250,2025-02-10T10:57:34Z,true
12831,112000,270,2025-02-10T10:50:55Z,true
12831,113000,280,2025-02-10T10:50:14Z,false
12831,108000,260,2025-02-10T10:49:23Z,true
12831,112000,290,2025-02-10T10:47:53Z,false
12831,112000,270,2025-02-10T10:38:33Z,true
12831,113000,260,2025-02-10T10:32:42Z,true
12831,111000,275,2025-02-10T10:32:15Z,true
12831,113000,260,2025-02-10T10:30:27Z,true
12831,114000,265,2025-02-10T10:29:28Z,true
12831,112000,265,2025-02-10T10:29:07Z,false
12831,113000,260,2025-02-10T10:28:13Z,true
12831,111000,260,2025-02-10T10:26:29Z,false
12831,111000,275,2025-02-10T10:25:44Z,true
12831,112000,280,2025-02-10T10:20:11Z,true
12831,114000,265,2025-02-10T10:14:42Z,true
12831,110000,250,2025-02-10T10:11:18Z,true
12831,114000,285,2025-02-10T10:11:06Z,true
12831,112000,270,2025-02-10T10:09:49Z,true
12831,111000,275,2025-02-10T10:09:43Z,true
12831,114000,265,2025-02-10T10:08:16Z,true
12831,112000,270,2025-02-10T10:05:43Z,true
12831,109000,270,2025-02-10T10:02:59Z,true
12831,112000,285,2025-02-10T10:02:36Z,true
12831,112000,270,2025-02-10T10:01:14Z,true
12831,112000,270,2025-02-10T09:57:35Z,true
12831,114000,265,2025-02-10T09:57:00Z,false
12831,111000,275,2025-02-10T09:53:31Z,true
12831,113000,260,2025-02-10T09:52:15Z,true
12831,113000,260,2025-02-10T09:50:25Z,true
12831,112000,280,2025-02-10T09:44:12Z,true
12831,112000,280,2025-02-10T09:43:13Z,true
12831,114000,270,2025-02-10T09:40:23Z,false
12831,109000,275,2025-02-10T09:39:22Z,false
12831,114000,265,2025-02-10T09:37:19Z,true
12831,113000,270,2025-02-10T09:33:36Z,false
12831,113000,260,2025-02-10T09:32:31Z,true
12831,111000,275,2025-02-10T09:32:28Z,true
12831,112000,270,2025-02-10T09:32:12Z,true
12831,111000,265,2025-02-10T09:26:26Z,true
12831,113000,260,2025-02-10T09:26:06Z,true
12831,112000,270,2025-02-10T09:25:08Z,true
12831,114000,265,2025-02-10T09:18:37Z,true
12831,111000,270,2025-02-10T09:18:19Z,true
12831,112000,280,2025-02-10T09:17:15Z,true
12831,111000,275,2025-02-10T09:16:07Z,true
12831,141000,240,2025-02-10T09:15:41Z,true
12831,112000,285,2025-02-10T09:12:24Z,true
12831,114000,265,2025-02-10T09:10:11Z,true
12831,110000,255,2025-02-10T09:09:49Z,false
12831,112000,285,2025-02-10T09:08:06Z,true
12831,112000,280,2025-02-10T09:05:36Z,true
12831,110000,260,2025-02-10T09:04:36Z,false
12831,112000,280,2025-02-10T09:04:11Z,true
12831,111000,260,2025-02-10T09:03:10Z,true
12831,111000,275,2025-02-10T09:02:33Z,true
12831,111000,260,2025-02-10T09:02:15Z,true
12831,111000,270,2025-02-10T09:01:58Z,true
12831,112000,280,2025-02-10T08:55:56Z,true
12831,113000,275,2025-02-10T08:55:11Z,false
12831,109000,255,2025-02-10T08:54:14Z,true
12831,122000,245,2025-02-10T08:53:35Z,true
12831,109000,255,2025-02-10T08:44:05Z,true
12831,112000,280,2025-02-10T08:38:05Z,true
12831,114000,265,2025-02-10T08:34:27Z,true
12831,114000,265,2025-02-10T08:32:09Z,true
12831,110000,255,2025-02-10T08:30:41Z,true
12831,111000,270,2025-02-10T08:28:23Z,true
12831,114000,265,2025-02-10T08:25:30Z,true
12831,114000,270,2025-02-10T08:24:50Z,false
12831,111000,260,2025-02-10T08:23:59Z,true
12831,114000,270,2025-02-10T08:18:52Z,false
12831,109000,275,2025-02-10T08:17:55Z,true
12831,111000,270,2025-02-10T08:17:09Z,true
12831,111000,260,2025-02-10T08:16:05Z,true
12831,111000,270,2025-02-10T08:15:57Z,true
12831,114000,265,2025-02-10T08:15:09Z,true
12831,105000,285,2025-02-10T08:15:00Z,true
12831,112000,280,2025-02-10T08:14:33Z,true
12831,109000,255,2025-02-10T08:13:27Z,true
12831,111000,280,2025-02-10T08:10:26Z,true
12831,110000,250,2025-02-10T08:10:18Z,true
12831,115000,265,2025-02-10T08:08:49Z,true
12831,110000,250,2025-02-10T08:08:43Z,true
12831,110000,270,2025-02-10T08:08:28Z,true
12831,114000,270,2025-02-10T08:03:35Z,false
12831,114000,265,2025-02-10T08:00:33Z,true
12831,111000,270,2025-02-10T08:00:04Z,true
12831,109000,260,2025-02-10T07:58:16Z,false
12831,111000,280,2025-02-10T07:56:57Z,true
12831,110000,270,2025-02-10T07:56:52Z,true
12831,111000,275,2025-02-10T07:56:52Z,true
12831,111000,270,2025-02-10T07:52:48Z,true
12831,111000,275,2025-02-10T07:51:14Z,true
12831,111000,275,2025-02-10T07:49:46Z,true
12831,108000,260,2025-02-10T07:48:48Z,true
12831,109000,255,2025-02-10T07:40:31Z,true
12831,110000,250,2025-02-10T07:39:45Z,true
12831,115000,265,2025-02-10T07:38:26Z,false
12831,110000,250,2025-02-10T07:34:05Z,true
12831,114000,265,2025-02-10T07:24:20Z,true
12831,111000,260,2025-02-10T07:23:50Z,true
12831,108000,280,2025-02-10T07:23:32Z,true
12831,114000,265,2025-02-10T07:22:32Z,true
12831,111000,250,2025-02-10T07:19:06Z,true
12831,111000,270,2025-02-10T07:18:31Z,true
12831,111000,250,2025-02-10T07:17:39Z,true
12831,111000,270,2025-02-10T07:15:25Z,true
12831,111000,275,2025-02-10T07:14:57Z,true
12831,111000,270,2025-02-10T07:14:39Z,true
12831,111000,270,2025-02-10T07:13:34Z,true
12831,111000,270,2025-02-10T07:12:53Z,true
12831,111000,270,2025-02-10T07:12:05Z,true
12831,111000,270,2025-02-10T07:11:24Z,true
12831,111000,270,2025-02-10T07:10:38Z,true
12831,109000,255,2025-02-10T07:10:20Z,true
12831,98000,300,2025-02-10T07:05:39Z,true
12831,109000,270,2025-02-10T07:05:22Z,true
12831,111000,270,2025-02-10T07:05:13Z,true
12831,111000,275,2025-02-10T07:02:26Z,true
12831,111000,270,2025-02-10T06:55:00Z,true
12831,106000,300,2025-02-10T06:53:31Z,true
12831,111000,270,2025-02-10T06:52:38Z,true
12831,111000,275,2025-02-10T06:52:37Z,true
12831,113000,250,2025-02-10T06:52:14Z,false
12831,111000,270,2025-02-10T06:48:04Z,true
12831,109000,255,2025-02-10T06:40:40Z,true
12831,114000,280,2025-02-10T06:37:18Z,true
12831,105000,260,2025-02-10T06:36:34Z,true
12831,111000,260,2025-02-10T06:35:00Z,true
12831,108000,260,2025-02-10T06:20:26Z,true
12831,113000,270,2025-02-10T06:19:48Z,true
12831,108000,255,2025-02-10T06:19:17Z,false
12831,123000,245,2025-02-10T06:16:06Z,false
12831,109000,255,2025-02-10T06:09:30Z,true
12831,114000,280,2025-02-10T06:09:23Z,true
12831,109000,260,2025-02-10T06:04:39Z,false
12831,113000,270,2025-02-10T06:04:35Z,true
12831,111000,285,2025-02-10T06:03:49Z,true
12831,113000,270,2025-02-10T06:02:17Z,true
12831,111000,275,2025-02-10T05:59:08Z,true
12831,115000,265,2025-02-10T05:57:07Z,true
12831,114000,280,2025-02-10T05:55:22Z,true
12831,109000,270,2025-02-10T05:54:10Z,false
12831,113000,250,2025-02-10T05:51:31Z,false
12831,115000,265,2025-02-10T05:51:14Z,true
12831,111000,260,2025-02-10T05:47:17Z,true
12831,111000,285,2025-02-10T05:41:29Z,true
12831,117000,290,2025-02-10T05:40:34Z,true
12831,110000,260,2025-02-10T05:38:25Z,true
12831,113000,270,2025-02-10T05:37:58Z,true
12831,111000,275,2025-02-10T05:34:27Z,true
12831,113000,270,2025-02-10T05:34:02Z,true
12831,115000,265,2025-02-10T05:32:58Z,true
12831,113000,270,2025-02-10T05:32:58Z,true
12831,111000,260,2025-02-10T05:32:58Z,true
12831,109000,255,2025-02-10T05:30:08Z,true
12831,113000,270,2025-02-10T05:29:08Z,true
12831,111000,260,2025-02-10T05:28:25Z,true
12831,110000,265,2025-02-10T05:27:20Z,true
12831,113000,270,2025-02-10T05:26:17Z,true
12831,111000,250,2025-02-10T05:25:28Z,true
12831,116000,265,2025-02-10T05:25:16Z,false
12831,112000,275,2025-02-10T05:19:42Z,true
12831,110000,270,2025-02-10T05:18:37Z,false
12831,112000,290,2025-02-10T05:17:07Z,false
12831,111000,250,2025-02-10T05:17:02Z,true
12831,113000,270,2025-02-10T05:13:04Z,true
12831,113000,270,2025-02-10T05:11:26Z,true
12831,113000,270,2025-02-10T05:09:50Z,true
12831,115000,265,2025-02-10T05:08:43Z,false
12831,113000,270,2025-02-10T05:07:48Z,true
12831,112000,275,2025-02-10T05:07:05Z,true
12831,113000,270,2025-02-10T05:06:59Z,true
12831,111000,260,2025-02-10T05:06:26Z,true
12831,115000,265,2025-02-10T05:05:12Z,false
12831,113000,270,2025-02-10T05:02:01Z,true
12831,113000,270,2025-02-10T04:58:58Z,true
12831,113000,270,2025-02-10T04:58:16Z,true
12831,113000,270,2025-02-10T04:55:24Z,true
12831,114000,280,2025-02-10T04:55:06Z,false
12831,109000,255,2025-02-10T04:54:29Z,true
12831,115000,265,2025-02-10T04:53:42Z,true
12831,110000,260,2025-02-10T04:51:38Z,false
12831,115000,265,2025-02-10T04:50:11Z,true
12831,114000,270,2025-02-10T04:49:29Z,true
12831,111000,250,2025-02-10T04:49:03Z,true
12831,113000,270,2025-02-10T04:48:00Z,true
12831,109000,255,2025-02-10T04:44:41Z,true
12831,115000,265,2025-02-10T04:43:57Z,true
12831,114000,270,2025-02-10T04:43:15Z,true
12831,105000,260,2025-02-10T04:42:32Z,false
12831,110000,270,2025-02-10T04:41:54Z,false
12831,108000,275,2025-02-10T04:41:35Z,false
12831,114000,270,2025-02-10T04:41:25Z,true
12831,114000,270,2025-02-10T04:41:20Z,true
12831,113000,270,2025-02-10T04:39:52Z,true
12831,105000,285,2025-02-10T04:38:42Z,false
12831,112000,250,2025-02-10T04:38:23Z,false
12831,113000,270,2025-02-10T04:37:28Z,true
12831,111000,260,2025-02-10T04:37:24Z,true
12831,115000,265,2025-02-10T04:36:17Z,true
12831,112000,275,2025-02-10T04:35:30Z,true
12831,115000,265,2025-02-10T04:34:51Z,true
12831,114000,280,2025-02-10T04:33:32Z,true
12831,112000,275,2025-02-10T04:31:43Z,true
12831,114000,280,2025-02-10T04:31:23Z,true
12831,115000,265,2025-02-10T04:30:55Z,true
12831,113000,275,2025-02-10T04:26:51Z,true
12831,113000,270,2025-02-10T04:24:51Z,true
12831,111000,260,2025-02-10T04:24:08Z,true
12831,112000,275,2025-02-10T04:23:59Z,true
12831,115000,265,2025-02-10T04:22:08Z,true
12831,112000,275,2025-02-10T04:20:18Z,true
12831,113000,270,2025-02-10T04:14:58Z,true
12831,113000,270,2025-02-10T04:13:20Z,true
12831,111000,250,2025-02-10T04:10:34Z,true
12831,111000,260,2025-02-10T04:10:13Z,true
12831,111000,260,2025-02-10T04:08:51Z,true
12831,111000,280,2025-02-10T04:06:42Z,false
12831,110000,260,2025-02-10T04:03:20Z,true
12831,111000,290,2025-02-10T04:03:06Z,false
12831,114000,265,2025-02-10T04:02:04Z,true
12831,114000,265,2025-02-10T04:00:45Z,true
12831,112000,275,2025-02-10T03:59:17Z,true
12831,113000,270,2025-02-10T03:59:09Z,true
12831,113000,270,2025-02-10T03:58:27Z,true
12831,113000,270,2025-02-10T03:56:47Z,true
12831,113000,270,2025-02-10T03:55:20Z,true
12831,117000,290,2025-02-10T03:54:24Z,true
12831,109000,255,2025-02-10T03:48:57Z,true
12831,112000,275,2025-02-10T03:48:53Z,false
12831,109000,255,2025-02-10T03:47:39Z,true
12831,111000,275,2025-02-10T03:45:50Z,false
12831,113000,270,2025-02-10T03:45:13Z,true
12831,110000,270,2025-02-10T03:39:12Z,true
12831,110000,255,2025-02-10T03:30:59Z,false
12831,114000,280,2025-02-10T03:27:24Z,true
12831,111000,270,2025-02-10T03:26:06Z,true
12831,114000,265,2025-02-10T03:25:55Z,false
12831,106000,285,2025-02-10T03:25:35Z,false
12831,111000,270,2025-02-10T03:24:37Z,true
12831,111000,270,2025-02-10T03:23:06Z,true
12831,111000,275,2025-02-10T03:21:48Z,false
12831,114000,280,2025-02-10T03:21:27Z,true
12831,114000,280,2025-02-10T03:12:46Z,true
12831,109000,260,2025-02-10T03:10:42Z,true
12831,109000,260,2025-02-10T03:09:38Z,true
12831,105000,285,2025-02-10T03:08:00Z,true
12831,112000,275,2025-02-10T03:05:57Z,true
12831,111000,270,2025-02-10T03:05:15Z,true
12831,112000,270,2025-02-10T03:00:50Z,true
12831,106000,285,2025-02-10T03:00:03Z,false
12831,110000,260,2025-02-10T02:55:02Z,true
12831,111000,270,2025-02-10T02:50:40Z,true
12831,111000,275,2025-02-10T02:43:25Z,true
12831,110000,260,2025-02-10T02:41:46Z,true
12831,115000,265,2025-02-10T02:40:51Z,true
12831,115000,265,2025-02-10T02:36:08Z,true
12831,110000,260,2025-02-10T02:35:30Z,true
12831,109000,255,2025-02-10T02:33:42Z,true
12831,114000,270,2025-02-10T02:32:04Z,false
12831,114000,280,2025-02-10T02:25:08Z,true
12831,112000,270,2025-02-10T02:24:50Z,true
12831,110000,260,2025-02-10T02:24:39Z,true
12831,112000,270,2025-02-10T02:23:02Z,true
12831,111000,270,2025-02-10T02:22:09Z,true
12831,112000,270,2025-02-10T02:19:47Z,true
12831,112000,270,2025-02-10T02:19:18Z,true
12831,109000,255,2025-02-10T02:19:03Z,false
12831,112000,270,2025-02-10T02:17:35Z,true
12831,111000,270,2025-02-10T02:16:39Z,true
12831,111000,270,2025-02-10T02:12:50Z,true
12831,114000,280,2025-02-10T02:10:16Z,true
12831,112000,270,2025-02-10T02:08:51Z,true
12831,111000,275,2025-02-10T02:08:39Z,true
12831,112000,270,2025-02-10T02:07:33Z,true
12831,110000,265,2025-02-10T02:03:09Z,true
12831,109000,255,2025-02-10T01:59:55Z,false
12831,111000,270,2025-02-10T01:59:52Z,true
12831,110000,275,2025-02-10T01:59:43Z,true
12831,109000,260,2025-02-10T01:55:21Z,false
12831,111000,270,2025-02-10T01:55:01Z,true
12831,110000,255,2025-02-10T01:45:54Z,true
12831,115000,265,2025-02-10T01:44:11Z,true
12831,110000,255,2025-02-10T01:41:36Z,true
12831,111000,250,2025-02-10T01:41:36Z,true
12831,114000,280,2025-02-10T01:37:34Z,true
12831,122000,245,2025-02-10T01:37:05Z,true
12831,121000,245,2025-02-10T01:35:01Z,true
12831,114000,280,2025-02-10T01:33:33Z,true
12831,111000,270,2025-02-10T01:32:45Z,true
12831,115000,265,2025-02-10T01:29:55Z,true
12831,112000,270,2025-02-10T01:26:51Z,true
12831,115000,265,2025-02-10T01:22:06Z,true
12831,110000,270,2025-02-10T01:20:58Z,true
12831,115000,265,2025-02-10T01:13:46Z,true
12831,111000,270,2025-02-10T01:12:32Z,true
12831,112000,270,2025-02-10T01:10:44Z,true
12831,111000,275,2025-02-10T01:04:12Z,true
12831,118000,290,2025-02-10T01:02:24Z,true
12831,111000,255,2025-02-10T00:59:16Z,true
12831,112000,270,2025-02-10T00:58:11Z,true
12831,110000,260,2025-02-10T00:51:46Z,true
12831,112000,270,2025-02-10T00:49:16Z,true
12831,115000,265,2025-02-10T00:41:48Z,true
12831,112000,275,2025-02-10T00:40:59Z,true
12831,110000,255,2025-02-10T00:40:36Z,true
12831,113000,270,2025-02-10T00:34:13Z,true
12831,110000,255,2025-02-10T00:33:33Z,true
12831,113000,270,2025-02-10T00:30:36Z,true
12831,110000,260,2025-02-10T00:28:15Z,true
12831,98000,300,2025-02-10T00:27:13Z,true
12831,119000,290,2025-02-10T00:25:02Z,true
12831,112000,275,2025-02-10T00:12:02Z,true
12831,111000,255,2025-02-09T23:56:55Z,true
12831,115000,265,2025-02-09T23:55:15Z,true
12831,109000,255,2025-02-09T23:48:02Z,true
12831,113000,270,2025-02-09T23:46:12Z,true
12831,114000,265,2025-02-09T23:43:46Z,false
12831,115000,265,2025-02-09T23:40:00Z,true
12831,112000,275,2025-02-09T23:34:09Z,true
12831,112000,275,2025-02-09T23:34:08Z,false
12831,115000,265,2025-02-09T23:23:53Z,true
12831,113000,280,2025-02-09T23:21:24Z,false
12831,115000,265,2025-02-09T23:17:41Z,true
12831,113000,270,2025-02-09T23:15:56Z,true
12831,113000,270,2025-02-09T23:11:43Z,true
12831,137000,240,2025-02-09T23:03:00Z,false
12831,111000,250,2025-02-09T23:02:59Z,true
12831,110000,255,2025-02-09T23:02:59Z,true
12831,113000,270,2025-02-09T23:02:34Z,true
12831,109000,255,2025-02-09T22:48:21Z,false
12831,115000,265,2025-02-09T22:43:55Z,true
12831,110000,260,2025-02-09T22:33:43Z,true
12831,112000,275,2025-02-09T22:18:48Z,true
12831,113000,270,2025-02-09T22:14:11Z,true
12831,112000,275,2025-02-09T22:10:28Z,true
12831,115000,265,2025-02-09T22:08:40Z,true
12831,113000,270,2025-02-09T22:02:20Z,true
12831,111000,250,2025-02-09T21:58:03Z,true
12831,115000,265,2025-02-09T21:53:31Z,true
12831,111000,275,2025-02-09T21:42:37Z,true
12831,110000,260,2025-02-09T21:41:30Z,true
12831,111000,275,2025-02-09T21:40:23Z,true
12831,110000,260,2025-02-09T21:31:20Z,true
12831,113000,270,2025-02-09T20:57:17Z,true
12831,110000,260,2025-02-09T20:55:06Z,true
12831,114000,280,2025-02-09T20:03:42Z,true
12831,113000,270,2025-02-09T18:46:57Z,true
12831,110000,275,2025-02-09T18:37:20Z,true
12831,110000,275,2025-02-09T18:35:47Z,true
12831,110000,275,2025-02-09T18:34:24Z,true
12831,110000,275,2025-02-09T18:33:12Z,true
12831,113000,270,2025-02-09T18:32:15Z,true
12831,110000,275,2025-02-09T18:31:39Z,true
12831,110000,275,2025-02-09T18:30:20Z,true
12831,110000,275,2025-02-09T18:28:17Z,true
12831,110000,275,2025-02-09T18:25:59Z,true
12831,115000,265,2025-02-09T18:23:24Z,true
12831,112000,270,2025-02-09T18:10:30Z,true
12831,112000,270,2025-02-09T18:08:23Z,true
12831,97000,300,2025-02-09T17:36:32Z,false
12831,113000,270,2025-02-09T17:20:45Z,true
12831,113000,270,2025-02-09T17:15:49Z,false
12831,111000,260,2025-02-09T17:13:29Z,false
12831,111000,260,2025-02-09T17:13:07Z,true
12831,105000,260,2025-02-09T17:12:06Z,true
12831,110000,260,2025-02-09T17:03:13Z,true
12831,110000,260,2025-02-09T16:59:32Z,true
12831,113000,265,2025-02-09T16:41:24Z,true
12831,113000,270,2025-02-09T16:39:32Z,true
12831,113000,270,2025-02-09T16:38:56Z,true
12831,113000,270,2025-02-09T16:37:53Z,true
12831,113000,265,2025-02-09T16:36:29Z,true
12831,112000,270,2025-02-09T16:35:29Z,true
12831,111000,280,2025-02-09T16:31:51Z,true
12831,113000,270,2025-02-09T16:29:20Z,true
12831,141000,240,2025-02-09T16:25:15Z,true
12831,111000,250,2025-02-09T16:24:41Z,true
12831,112000,275,2025-02-09T16:20:35Z,true
12831,111000,260,2025-02-09T16:12:20Z,false
12831,112000,270,2025-02-09T16:11:05Z,true
12831,114000,285,2025-02-09T16:06:59Z,true
12831,113000,270,2025-02-09T16:03:40Z,true
12831,105000,285,2025-02-09T16:02:48Z,false
12831,111000,250,2025-02-09T16:00:32Z,true
12831,109000,255,2025-02-09T15:58:16Z,false
12831,114000,270,2025-02-09T15:57:54Z,true
12831,112000,275,2025-02-09T15:51:19Z,false
12831,114000,275,2025-02-09T15:50:50Z,true
12831,113000,265,2025-02-09T15:49:24Z,true
12831,111000,260,2025-02-09T15:43:23Z,true
12831,113000,250,2025-02-09T15:41:29Z,false
12831,115000,275,2025-02-09T15:41:19Z,true
12831,114000,285,2025-02-09T15:39:13Z,true
12831,115000,265,2025-02-09T15:36:14Z,true
12831,124000,310,2025-02-09T15:33:45Z,false
12831,111000,275,2025-02-09T15:24:58Z,false
12831,115000,275,2025-02-09T15:23:26Z,true
12831,115000,270,2025-02-09T15:22:47Z,true
12831,111000,260,2025-02-09T15:20:28Z,true
12831,113000,270,2025-02-09T15:20:13Z,false
12831,111000,260,2025-02-09T15:18:04Z,true
12831,112000,290,2025-02-09T15:15:12Z,false
12831,116000,270,2025-02-09T15:14:49Z,true
12831,115000,275,2025-02-09T15:08:28Z,true
12831,129000,295,2025-02-09T14:54:57Z,true
12831,111000,260,2025-02-09T14:54:57Z,true
12831,109000,255,2025-02-09T14:54:54Z,false
12831,111000,260,2025-02-09T14:53:55Z,true
12831,111000,260,2025-02-09T14:47:02Z,true
12831,127000,310,2025-02-09T14:44:27Z,true
12831,117000,270,2025-02-09T14:42:22Z,true
12831,140000,240,2025-02-09T14:39:25Z,true
12831,111000,260,2025-02-09T14:39:02Z,true
12831,113000,275,2025-02-09T14:37:16Z,true
12831,115000,275,2025-02-09T14:35:21Z,true
12831,122000,245,2025-02-09T14:35:21Z,true
12831,110000,255,2025-02-09T14:35:20Z,true
12831,111000,250,2025-02-09T14:32:04Z,true
12831,111000,260,2025-02-09T14:31:07Z,true
12831,115000,265,2025-02-09T14:30:41Z,true
12831,117000,295,2025-02-09T14:28:28Z,true
12831,115000,275,2025-02-09T14:28:14Z,true
12831,110000,260,2025-02-09T14:27:30Z,true
12831,115000,270,2025-02-09T14:21:24Z,false
12831,116000,270,2025-02-09T14:19:39Z,true
12831,113000,280,2025-02-09T14:16:32Z,false
12831,111000,250,2025-02-09T14:16:31Z,true
12831,114000,270,2025-02-09T14:15:21Z,false
12831,111000,260,2025-02-09T14:04:29Z,true
12831,113000,250,2025-02-09T14:01:34Z,false
12831,110000,250,2025-02-09T13:57:48Z,true
12831,115000,275,2025-02-09T13:55:40Z,true
12831,117000,270,2025-02-09T13:53:53Z,true
12831,116000,265,2025-02-09T13:50:28Z,true
12831,114000,280,2025-02-09T13:50:11Z,false
12831,109000,255,2025-02-09T13:49:46Z,false
12831,104000,285,2025-02-09T13:49:13Z,true
12831,115000,280,2025-02-09T13:48:43Z,true
12831,117000,270,2025-02-09T13:48:38Z,true
12831,108000,275,2025-02-09T13:48:32Z,false
12831,118000,270,2025-02-09T13:46:49Z,true
12831,116000,265,2025-02-09T13:43:24Z,true
12831,108000,275,2025-02-09T13:42:37Z,false
12831,117000,270,2025-02-09T13:42:32Z,true
12831,117000,270,2025-02-09T13:40:48Z,true
12831,114000,270,2025-02-09T13:39:50Z,false
12831,110000,255,2025-02-09T13:39:02Z,true
12831,111000,250,2025-02-09T13:33:11Z,true
12831,116000,265,2025-02-09T13:31:21Z,true
12831,115000,265,2025-02-09T13:26:38Z,true
12831,108000,275,2025-02-09T13:26:27Z,false
12831,110000,290,2025-02-09T13:24:31Z,false
12831,114000,285,2025-02-09T13:24:15Z,true
12831,115000,265,2025-02-09T13:23:37Z,true
12831,114000,280,2025-02-09T13:23:31Z,false
12831,115000,275,2025-02-09T13:19:18Z,true
12831,113000,280,2025-02-09T13:18:59Z,false
12831,110000,260,2025-02-09T13:17:30Z,true
12831,108000,275,2025-02-09T13:16:16Z,false
12831,110000,260,2025-02-09T13:14:16Z,true
12831,110000,255,2025-02-09T13:13:53Z,true
12831,117000,270,2025-02-09T13:12:51Z,true
12831,110000,260,2025-02-09T13:11:48Z,false
12831,115000,270,2025-02-09T13:09:54Z,true
12831,111000,250,2025-02-09T13:03:54Z,true
12831,110000,260,2025-02-09T13:01:44Z,true
12831,115000,270,2025-02-09T13:00:06Z,true
12831,117000,270,2025-02-09T12:57:58Z,true
12831,115000,275,2025-02-09T12:54:28Z,true
12831,115000,265,2025-02-09T12:48:09Z,true
12831,117000,270,2025-02-09T12:47:34Z,true
12831,113000,265,2025-02-09T12:46:19Z,true
12831,113000,280,2025-02-09T12:42:48Z,false
12831,117000,270,2025-02-09T12:42:19Z,true
12831,110000,260,2025-02-09T12:35:47Z,true
12831,108000,275,2025-02-09T12:35:36Z,false
12831,117000,270,2025-02-09T12:33:52Z,true
12831,110000,260,2025-02-09T12:32:46Z,true
12831,113000,280,2025-02-09T12:32:38Z,false
12831,110000,260,2025-02-09T12:29:10Z,true
12831,113000,250,2025-02-09T12:28:07Z,false
12831,111000,250,2025-02-09T12:27:04Z,true
12831,122000,245,2025-02-09T12:26:13Z,true
12831,110000,270,2025-02-09T12:18:34Z,true
12831,108000,260,2025-02-09T12:16:35Z,true
12831,110000,260,2025-02-09T12:08:00Z,true
12831,110000,260,2025-02-09T12:07:42Z,true
12831,110000,260,2025-02-09T12:06:49Z,true
12831,110000,260,2025-02-09T12:06:05Z,true
12831,110000,260,2025-02-09T12:05:24Z,true
12831,110000,260,2025-02-09T12:04:48Z,true
12831,114000,265,2025-02-09T12:03:20Z,true
12831,117000,270,2025-02-09T12:01:31Z,true
12831,110000,260,2025-02-09T12:01:05Z,true
12831,119000,310,2025-02-09T12:00:21Z,false
12831,108000,260,2025-02-09T11:58:23Z,true
12831,110000,255,2025-02-09T11:56:54Z,true
12831,113000,265,2025-02-09T11:50:00Z,true
12831,114000,270,2025-02-09T11:49:23Z,false
12831,116000,270,2025-02-09T11:47:38Z,true
12831,116000,270,2025-02-09T11:45:10Z,true
12831,110000,250,2025-02-09T11:45:05Z,true
12831,137000,240,2025-02-09T11:38:04Z,true
12831,111000,285,2025-02-09T11:38:04Z,true
12831,110000,255,2025-02-09T11:37:19Z,true
12831,108000,275,2025-02-09T11:31:17Z,false
12831,109000,250,2025-02-09T11:30:41Z,true
12831,108000,260,2025-02-09T11:29:46Z,true
12831,114000,270,2025-02-09T11:25:41Z,true
12831,113000,270,2025-02-09T11:20:24Z,true
12831,114000,270,2025-02-09T11:18:56Z,false
12831,116000,275,2025-02-09T11:18:44Z,true
12831,110000,255,2025-02-09T11:16:59Z,true
12831,110000,260,2025-02-09T11:16:47Z,true
12831,110000,260,2025-02-09T11:16:20Z,false
12831,108000,275,2025-02-09T11:13:29Z,false
12831,110000,260,2025-02-09T11:12:47Z,true
12831,111000,260,2025-02-09T11:12:15Z,true
12831,116000,275,2025-02-09T11:10:48Z,true
12831,110000,275,2025-02-09T11:08:56Z,true
12831,111000,250,2025-02-09T11:07:55Z,true
12831,110000,285,2025-02-09T11:06:26Z,true
12831,110000,260,2025-02-09T11:03:21Z,true
12831,111000,250,2025-02-09T11:01:55Z,true
12831,108000,275,2025-02-09T11:01:08Z,false
12831,110000,260,2025-02-09T10:57:39Z,true
12831,111000,250,2025-02-09T10:55:48Z,true
12831,111000,250,2025-02-09T10:50:05Z,true
12831,115000,265,2025-02-09T10:49:27Z,false
12831,115000,270,2025-02-09T10:48:39Z,true
12831,114000,270,2025-02-09T10:47:50Z,false
12831,115000,265,2025-02-09T10:45:54Z,true
12831,110000,260,2025-02-09T10:44:30Z,true
12831,115000,265,2025-02-09T10:42:36Z,true
12831,115000,270,2025-02-09T10:41:51Z,false
12831,108000,275,2025-02-09T10:41:23Z,false
12831,105000,285,2025-02-09T10:35:56Z,false
12831,111000,250,2025-02-09T10:34:16Z,true
12831,108000,275,2025-02-09T10:34:07Z,false
12831,108000,275,2025-02-09T10:31:24Z,false
12831,124000,245,2025-02-09T10:25:56Z,false
12831,115000,270,2025-02-09T10:24:07Z,true
12831,110000,250,2025-02-09T10:22:42Z,true
12831,110000,250,2025-02-09T10:16:12Z,true
12831,115000,270,2025-02-09T10:14:32Z,true
12831,110000,270,2025-02-09T10:10:02Z,true
12831,108000,275,2025-02-09T10:09:34Z,false
12831,110000,260,2025-02-09T10:07:24Z,true
12831,110000,270,2025-02-09T10:05:25Z,true
12831,114000,280,2025-02-09T10:02:01Z,false
12831,110000,290,2025-02-09T10:01:25Z,false
12831,116000,265,2025-02-09T09:58:17Z,true
12831,124000,280,2025-02-09T09:57:22Z,true
12831,109000,255,2025-02-09T09:57:00Z,true
12831,108000,275,2025-02-09T09:56:04Z,false
12831,116000,265,2025-02-09T09:56:01Z,false
12831,110000,265,2025-02-09T09:52:27Z,true
12831,109000,255,2025-02-09T09:45:23Z,false
12831,117000,275,2025-02-09T09:39:47Z,true
12831,110000,260,2025-02-09T09:37:50Z,true
12831,110000,260,2025-02-09T09:35:44Z,true
12831,117000,270,2025-02-09T09:31:49Z,true
12831,117000,275,2025-02-09T09:22:18Z,true
12831,116000,265,2025-02-09T09:18:51Z,true
12831,110000,275,2025-02-09T09:17:47Z,true
12831,116000,275,2025-02-09T09:16:11Z,true
12831,117000,270,2025-02-09T09:14:35Z,true
12831,117000,270,2025-02-09T09:13:44Z,true
12831,110000,275,2025-02-09T09:09:27Z,false
12831,110000,255,2025-02-09T09:09:27Z,false
12831,117000,270,2025-02-09T09:07:14Z,true
12831,115000,270,2025-02-09T09:07:09Z,false
12831,110000,260,2025-02-09T09:06:08Z,true
12831,109000,260,2025-02-09T09:02:47Z,false
12831,124000,245,2025-02-09T09:02:11Z,false
12831,116000,275,2025-02-09T09:01:55Z,true
12831,117000,270,2025-02-09T08:55:59Z,true
12831,115000,265,2025-02-09T08:48:46Z,true
12831,115000,265,2025-02-09T08:47:58Z,true
12831,117000,265,2025-02-09T08:46:40Z,false
12831,119000,290,2025-02-09T08:40:15Z,true
12831,115000,270,2025-02-09T08:40:11Z,false
12831,116000,275,2025-02-09T08:29:38Z,true
12831,115000,275,2025-02-09T08:28:24Z,true
12831,111000,265,2025-02-09T08:28:01Z,false
12831,117000,270,2025-02-09T08:26:58Z,true
12831,125000,245,2025-02-09T08:24:30Z,true
12831,110000,260,2025-02-09T08:19:56Z,true
12831,117000,280,2025-02-09T08:18:27Z,false
12831,115000,275,2025-02-09T08:17:59Z,true
12831,117000,270,2025-02-09T08:16:26Z,true
12831,110000,255,2025-02-09T08:14:56Z,false
12831,117000,270,2025-02-09T08:13:57Z,true
12831,110000,260,2025-02-09T08:11:19Z,true
12831,116000,270,2025-02-09T08:11:12Z,true
12831,125000,280,2025-02-09T08:06:39Z,true
12831,139000,240,2025-02-09T08:02:47Z,false
12831,119000,290,2025-02-09T08:02:29Z,true
12831,110000,255,2025-02-09T07:59:49Z,true
12831,115000,270,2025-02-09T07:55:42Z,false
12831,110000,260,2025-02-09T07:50:08Z,true
12831,105000,290,2025-02-09T07:48:38Z,true
12831,110000,260,2025-02-09T07:45:39Z,true
12831,110000,285,2025-02-09T07:40:36Z,false
12831,111000,275,2025-02-09T07:40:22Z,false
12831,111000,250,2025-02-09T07:38:40Z,true
12831,115000,270,2025-02-09T07:35:57Z,true
12831,117000,265,2025-02-09T07:35:54Z,false
12831,117000,265,2025-02-09T07:34:17Z,true
12831,115000,270,2025-02-09T07:33:32Z,true
12831,110000,275,2025-02-09T07:32:22Z,false
12831,110000,260,2025-02-09T07:27:55Z,false
12831,110000,260,2025-02-09T07:14:05Z,true
12831,109000,275,2025-02-09T07:11:49Z,false
12831,110000,260,2025-02-09T07:08:07Z,true
12831,117000,265,2025-02-09T07:03:05Z,false
12831,110000,255,2025-02-09T06:57:55Z,true
12831,110000,275,2025-02-09T06:55:20Z,false
12831,110000,260,2025-02-09T06:55:06Z,true
12831,110000,255,2025-02-09T06:52:41Z,false
12831,115000,270,2025-02-09T06:49:12Z,true
12831,110000,260,2025-02-09T06:47:35Z,true
12831,116000,275,2025-02-09T06:44:22Z,true
12831,125000,280,2025-02-09T06:44:22Z,true
12831,110000,260,2025-02-09T06:39:36Z,true
12831,117000,265,2025-02-09T06:37:22Z,true
12831,125000,280,2025-02-09T06:37:21Z,true
12831,111000,275,2025-02-09T06:36:54Z,false
12831,124000,280,2025-02-09T06:35:11Z,true
12831,116000,275,2025-02-09T06:34:26Z,true
12831,105000,260,2025-02-09T06:27:41Z,true
12831,110000,260,2025-02-09T06:25:44Z,true
12831,104000,285,2025-02-09T06:24:20Z,true
12831,110000,255,2025-02-09T06:22:18Z,true
12831,110000,260,2025-02-09T06:21:06Z,true
12831,117000,265,2025-02-09T06:19:22Z,true
12831,112000,260,2025-02-09T06:18:00Z,false
12831,117000,265,2025-02-09T06:17:18Z,true
12831,116000,280,2025-02-09T06:10:14Z,false
12831,124000,280,2025-02-09T06:09:02Z,true
12831,115000,270,2025-02-09T06:05:30Z,true
12831,117000,265,2025-02-09T06:02:04Z,true
12831,118000,265,2025-02-09T05:59:20Z,true
12831,108000,275,2025-02-09T05:58:42Z,true
12831,110000,260,2025-02-09T05:51:11Z,true
12831,110000,255,2025-02-09T05:49:50Z,true
12831,111000,275,2025-02-09T05:46:52Z,false
12831,110000,260,2025-02-09T05:45:43Z,true
12831,115000,270,2025-02-09T05:44:30Z,true
12831,115000,275,2025-02-09T05:42:27Z,true
12831,114000,275,2025-02-09T05:41:15Z,true
12831,110000,260,2025-02-09T05:40:50Z,true
12831,114000,275,2025-02-09T05:39:17Z,true
12831,112000,265,2025-02-09T05:38:25Z,false
12831,122000,245,2025-02-09T05:34:13Z,true
12831,110000,260,2025-02-09T05:29:26Z,true
12831,110000,260,2025-02-09T05:27:39Z,true
12831,115000,270,2025-02-09T05:24:52Z,true
12831,110000,255,2025-02-09T05:11:26Z,true
12831,110000,255,2025-02-09T05:09:10Z,true
12831,117000,265,2025-02-09T05:05:29Z,true
12831,111000,275,2025-02-09T05:04:55Z,false
12831,117000,265,2025-02-09T05:04:15Z,true
12831,110000,260,2025-02-09T05:01:59Z,true
12831,110000,285,2025-02-09T04:59:37Z,false
12831,117000,280,2025-02-09T04:59:12Z,false
12831,115000,270,2025-02-09T04:58:30Z,true
12831,115000,270,2025-02-09T04:56:11Z,true
12831,111000,285,2025-02-09T04:52:26Z,true
12831,110000,260,2025-02-09T04:46:43Z,true
12831,117000,265,2025-02-09T04:42:35Z,true
12831,109000,260,2025-02-09T04:40:30Z,true
12831,117000,265,2025-02-09T04:36:36Z,true
12831,110000,255,2025-02-09T04:36:36Z,true
12831,140000,240,2025-02-09T04:36:36Z,true
12831,140000,240,2025-02-09T04:21:27Z,true
12831,114000,275,2025-02-09T04:17:48Z,true
12831,110000,270,2025-02-09T04:10:00Z,true
12831,115000,270,2025-02-09T04:05:18Z,true
12831,115000,270,2025-02-09T04:04:49Z,true
12831,110000,260,2025-02-09T04:03:26Z,true
12831,110000,260,2025-02-09T04:02:50Z,true
12831,111000,250,2025-02-09T04:02:41Z,true
12831,110000,255,2025-02-09T04:00:45Z,true
12831,110000,260,2025-02-09T03:59:26Z,true
12831,110000,260,2025-02-09T03:57:02Z,true
12831,115000,270,2025-02-09T03:54:47Z,true
12831,115000,265,2025-02-09T03:52:21Z,true
12831,115000,270,2025-02-09T03:51:43Z,true
12831,115000,270,2025-02-09T03:51:18Z,true
12831,115000,265,2025-02-09T03:51:07Z,true
12831,115000,270,2025-02-09T03:50:21Z,true
12831,111000,285,2025-02-09T03:49:09Z,true
12831,116000,280,2025-02-09T03:42:43Z,false
12831,125000,245,2025-02-09T03:40:26Z,true
12831,115000,265,2025-02-09T03:35:18Z,true
12831,115000,270,2025-02-09T03:20:37Z,true
12831,114000,265,2025-02-09T03:10:42Z,true
12831,109000,255,2025-02-09T03:10:41Z,true
12831,110000,260,2025-02-09T03:06:34Z,true
12831,110000,260,2025-02-09T03:03:38Z,true
12831,114000,270,2025-02-09T02:51:17Z,true
12831,116000,280,2025-02-09T02:49:45Z,false
12831,115000,280,2025-02-09T02:42:49Z,true
12831,113000,270,2025-02-09T02:42:23Z,true
12831,110000,270,2025-02-09T02:41:51Z,true
12831,108000,255,2025-02-09T02:36:55Z,true
12831,114000,275,2025-02-09T02:26:28Z,true
12831,111000,285,2025-02-09T02:23:33Z,true
12831,109000,260,2025-02-09T02:23:29Z,false
12831,111000,250,2025-02-09T02:22:15Z,false
12831,111000,260,2025-02-09T02:18:45Z,false
12831,109000,260,2025-02-09T02:18:05Z,true
12831,114000,275,2025-02-09T02:16:00Z,true
12831,97000,300,2025-02-09T02:05:38Z,false
12831,114000,270,2025-02-09T02:03:20Z,true
12831,114000,275,2025-02-09T01:57:48Z,true
12831,117000,280,2025-02-09T01:54:14Z,false
12831,114000,265,2025-02-09T01:39:40Z,true
12831,111000,275,2025-02-09T01:39:15Z,false
12831,109000,255,2025-02-09T01:31:05Z,true
12831,109000,260,2025-02-09T01:29:37Z,true
12831,109000,275,2025-02-09T01:21:09Z,true
12831,110000,270,2025-02-09T01:20:37Z,true
12831,115000,280,2025-02-09T01:16:48Z,true
12831,115000,265,2025-02-09T01:01:35Z,true
12831,116000,280,2025-02-09T01:00:44Z,false
12831,112000,250,2025-02-09T00:45:33Z,true
12831,115000,270,2025-02-09T00:42:26Z,true
12831,110000,260,2025-02-09T00:23:54Z,true
12831,115000,270,2025-02-09T00:07:18Z,true
12831,111000,260,2025-02-09T00:01:41Z,false
12831,112000,255,2025-02-08T23:54:19Z,false
12831,125000,245,2025-02-08T23:14:57Z,true
12831,115000,265,2025-02-08T22:01:34Z,true
12831,109000,285,2025-02-08T20:43:07Z,false
12831,115000,280,2025-02-08T20:24:51Z,true
12831,111000,260,2025-02-08T19:44:56Z,true
12831,115000,275,2025-02-08T19:34:00Z,true
12831,115000,265,2025-02-08T19:10:56Z,true
12831,109000,290,2025-02-08T18:48:04Z,false
12831,111000,265,2025-02-08T18:45:53Z,true
12831,118000,290,2025-02-08T18:39:02Z,true
12831,111000,250,2025-02-08T18:34:45Z,true
12831,115000,270,2025-02-08T18:22:07Z,true
12831,105000,260,2025-02-08T18:10:52Z,true
12831,115000,275,2025-02-08T18:02:56Z,true
12831,115000,275,2025-02-08T17:59:50Z,true
12831,115000,280,2025-02-08T17:57:18Z,true
12831,115000,275,2025-02-08T17:56:24Z,true
12831,116000,265,2025-02-08T17:25:33Z,true
12831,111000,250,2025-02-08T17:25:30Z,true
12831,110000,255,2025-02-08T17:02:44Z,true
12831,117000,280,2025-02-08T17:00:30Z,false
12831,116000,280,2025-02-08T16:41:20Z,false
12831,105000,260,2025-02-08T16:40:24Z,true
12831,115000,270,2025-02-08T16:39:49Z,true
12831,116000,265,2025-02-08T16:21:26Z,true
12831,115000,270,2025-02-08T16:14:00Z,true
12831,110000,255,2025-02-08T16:12:19Z,true
12831,169000,305,2025-02-08T16:09:26Z,true
12831,111000,275,2025-02-08T16:09:15Z,false
12831,115000,270,2025-02-08T16:04:42Z,true
12831,114000,275,2025-02-08T15:53:34Z,true
12831,111000,285,2025-02-08T15:50:46Z,true
12831,116000,265,2025-02-08T15:43:11Z,true
12831,116000,265,2025-02-08T15:36:57Z,true
12831,100000,300,2025-02-08T15:35:39Z,true
12831,97000,300,2025-02-08T15:32:12Z,true
12831,115000,270,2025-02-08T15:28:57Z,true
12831,125000,280,2025-02-08T15:28:48Z,true
12831,110000,270,2025-02-08T15:18:59Z,true
12831,114000,275,2025-02-08T15:17:04Z,true
12831,117000,270,2025-02-08T15:14:32Z,true
12831,117000,270,2025-02-08T15:08:39Z,true
12831,117000,265,2025-02-08T15:05:45Z,true
12831,117000,265,2025-02-08T15:02:45Z,true
12831,112000,250,2025-02-08T15:00:35Z,true
12831,113000,275,2025-02-08T14:59:19Z,true
12831,111000,260,2025-02-08T14:53:02Z,false
12831,110000,270,2025-02-08T14:51:29Z,true
12831,137000,240,2025-02-08T14:48:12Z,true
12831,104000,285,2025-02-08T14:47:17Z,true
12831,110000,255,2025-02-08T14:47:13Z,true
12831,117000,270,2025-02-08T14:47:00Z,false
12831,113000,275,2025-02-08T14:46:35Z,true
12831,117000,270,2025-02-08T14:40:54Z,false
12831,124000,280,2025-02-08T14:38:37Z,true
12831,117000,265,2025-02-08T14:38:10Z,true
12831,123000,280,2025-02-08T14:37:38Z,true
12831,117000,265,2025-02-08T14:37:15Z,false
12831,116000,270,2025-02-08T14:35:23Z,false
12831,110000,255,2025-02-08T14:27:40Z,false
12831,117000,270,2025-02-08T14:22:55Z,true
12831,113000,275,2025-02-08T14:21:30Z,true
12831,116000,270,2025-02-08T14:20:15Z,false
12831,112000,250,2025-02-08T14:17:31Z,true
12831,117000,270,2025-02-08T14:15:45Z,true
12831,117000,270,2025-02-08T14:14:24Z,true
12831,117000,270,2025-02-08T14:13:23Z,true
12831,116000,290,2025-02-08T14:12:27Z,true
12831,117000,270,2025-02-08T14:12:03Z,true
12831,110000,260,2025-02-08T14:10:22Z,true
12831,135000,240,2025-02-08T14:09:49Z,true
12831,111000,285,2025-02-08T14:09:21Z,true
12831,110000,260,2025-02-08T14:08:26Z,true
12831,110000,260,2025-02-08T14:07:23Z,true
12831,112000,275,2025-02-08T14:06:47Z,true
12831,112000,250,2025-02-08T14:06:38Z,true
12831,110000,260,2025-02-08T14:04:58Z,true
12831,112000,250,2025-02-08T14:04:13Z,true
12831,109000,285,2025-02-08T14:03:51Z,false
12831,112000,250,2025-02-08T14:03:36Z,true
12831,110000,260,2025-02-08T14:02:33Z,true
12831,111000,260,2025-02-08T14:01:41Z,false
12831,112000,250,2025-02-08T14:00:28Z,true
12831,110000,260,2025-02-08T14:00:05Z,true
12831,117000,270,2025-02-08T13:59:50Z,true
12831,110000,260,2025-02-08T13:58:47Z,true
12831,110000,260,2025-02-08T13:58:02Z,true
12831,117000,280,2025-02-08T13:56:33Z,false
12831,117000,270,2025-02-08T13:49:48Z,true
12831,117000,265,2025-02-08T13:47:57Z,true
12831,123000,280,2025-02-08T13:45:18Z,true
12831,123000,280,2025-02-08T13:45:18Z,true
12831,111000,255,2025-02-08T13:41:31Z,true
12831,117000,265,2025-02-08T13:33:47Z,true
12831,117000,270,2025-02-08T13:29:49Z,true
12831,110000,255,2025-02-08T13:28:00Z,false
12831,116000,280,2025-02-08T13:25:08Z,false
12831,122000,280,2025-02-08T13:23:19Z,true
12831,117000,270,2025-02-08T13:16:47Z,true
12831,110000,260,2025-02-08T13:16:12Z,true
12831,110000,260,2025-02-08T13:15:36Z,true
12831,122000,280,2025-02-08T13:13:36Z,true
12831,112000,275,2025-02-08T13:11:05Z,true
12831,110000,260,2025-02-08T13:09:36Z,true
12831,111000,275,2025-02-08T13:08:36Z,true
12831,117000,265,2025-02-08T13:08:13Z,true
12831,116000,290,2025-02-08T13:06:58Z,true
12831,117000,265,2025-02-08T13:02:12Z,true
12831,117000,265,2025-02-08T13:01:45Z,true
12831,115000,280,2025-02-08T13:01:22Z,true
12831,117000,270,2025-02-08T12:58:05Z,true
12831,110000,255,2025-02-08T12:51:52Z,true
12831,112000,250,2025-02-08T12:50:37Z,true
12831,111000,275,2025-02-08T12:48:11Z,true
12831,110000,260,2025-02-08T12:45:35Z,true
12831,117000,265,2025-02-08T12:45:23Z,true
12831,122000,280,2025-02-08T12:43:57Z,true
12831,120000,310,2025-02-08T12:43:18Z,false
12831,111000,260,2025-02-08T12:38:52Z,true
12831,122000,280,2025-02-08T12:38:37Z,true
12831,117000,265,2025-02-08T12:37:39Z,true
12831,111000,275,2025-02-08T12:36:43Z,false
12831,111000,275,2025-02-08T12:26:27Z,true
12831,110000,255,2025-02-08T12:25:48Z,true
12831,111000,275,2025-02-08T12:25:31Z,false
12831,110000,260,2025-02-08T12:25:17Z,true
12831,111000,275,2025-02-08T12:24:20Z,true
12831,117000,270,2025-02-08T12:22:46Z,true
12831,117000,270,2025-02-08T12:22:23Z,true
12831,117000,270,2025-02-08T12:21:03Z,true
12831,110000,260,2025-02-08T12:19:02Z,true
12831,111000,275,2025-02-08T12:18:45Z,true
12831,117000,270,2025-02-08T12:17:26Z,true
12831,118000,265,2025-02-08T12:14:28Z,true
12831,118000,265,2025-02-08T12:07:00Z,true
12831,115000,280,2025-02-08T12:06:14Z,true
12831,116000,280,2025-02-08T11:58:27Z,false
12831,116000,270,2025-02-08T11:52:27Z,false
12831,117000,270,2025-02-08T11:50:25Z,true
12831,110000,255,2025-02-08T11:47:44Z,true
12831,116000,290,2025-02-08T11:43:59Z,true
12831,111000,275,2025-02-08T11:39:25Z,true
12831,111000,250,2025-02-08T11:39:15Z,true
12831,111000,250,2025-02-08T11:38:38Z,true
12831,111000,250,2025-02-08T11:38:13Z,true
12831,126000,240,2025-02-08T11:37:56Z,true
12831,111000,250,2025-02-08T11:37:52Z,true
12831,111000,250,2025-02-08T11:37:28Z,true
12831,110000,260,2025-02-08T11:37:02Z,true
12831,120000,265,2025-02-08T11:36:12Z,true
12831,111000,250,2025-02-08T11:36:11Z,true
12831,110000,255,2025-02-08T11:31:32Z,true
12831,110000,260,2025-02-08T11:30:48Z,true
12831,110000,255,2025-02-08T11:28:07Z,true
12831,120000,265,2025-02-08T11:25:41Z,true
12831,120000,265,2025-02-08T11:25:09Z,true
12831,116000,280,2025-02-08T11:25:05Z,false
12831,118000,265,2025-02-08T11:23:00Z,true
12831,117000,270,2025-02-08T11:22:02Z,true
12831,118000,265,2025-02-08T11:18:58Z,true
12831,118000,265,2025-02-08T11:13:22Z,false
12831,97000,300,2025-02-08T11:09:42Z,true
12831,122000,265,2025-02-08T11:08:22Z,true
12831,115000,290,2025-02-08T11:07:44Z,true
12831,121000,265,2025-02-08T11:06:22Z,true
12831,111000,255,2025-02-08T11:04:49Z,true
12831,112000,250,2025-02-08T10:58:54Z,true
12831,112000,250,2025-02-08T10:58:02Z,true
12831,112000,250,2025-02-08T10:57:07Z,true
12831,120000,270,2025-02-08T10:56:35Z,true
12831,111000,255,2025-02-08T10:51:32Z,true
12831,122000,280,2025-02-08T10:49:18Z,true
12831,116000,280,2025-02-08T10:48:25Z,false
12831,121000,270,2025-02-08T10:46:56Z,true
12831,120000,270,2025-02-08T10:40:11Z,true
12831,121000,265,2025-02-08T10:39:35Z,true
12831,121000,270,2025-02-08T10:38:37Z,true
12831,109000,275,2025-02-08T10:38:13Z,true
12831,111000,260,2025-02-08T10:33:54Z,false
12831,112000,250,2025-02-08T10:29:37Z,true
12831,111000,280,2025-02-08T10:26:41Z,false
12831,111000,260,2025-02-08T10:25:44Z,false
12831,116000,270,2025-02-08T10:25:14Z,false
12831,118000,265,2025-02-08T10:21:16Z,false
12831,113000,260,2025-02-08T10:20:17Z,true
12831,105000,260,2025-02-08T10:19:56Z,true
12831,113000,260,2025-02-08T10:11:19Z,true
12831,113000,275,2025-02-08T10:05:55Z,true
12831,111000,260,2025-02-08T10:05:43Z,false
12831,112000,250,2025-02-08T10:02:06Z,true
12831,121000,280,2025-02-08T10:01:39Z,true
12831,121000,265,2025-02-08T10:01:29Z,true
12831,121000,265,2025-02-08T09:57:28Z,true
12831,110000,285,2025-02-08T09:52:47Z,false
12831,113000,260,2025-02-08T09:47:14Z,true
12831,120000,265,2025-02-08T09:46:18Z,true
12831,111000,260,2025-02-08T09:45:03Z,false
12831,117000,270,2025-02-08T09:37:11Z,false
12831,110000,285,2025-02-08T09:33:57Z,true
12831,118000,265,2025-02-08T09:33:47Z,false
12831,113000,260,2025-02-08T09:30:53Z,true
12831,121000,270,2025-02-08T09:24:53Z,true
12831,120000,265,2025-02-08T09:20:10Z,true
12831,122000,270,2025-02-08T09:18:24Z,true
12831,115000,280,2025-02-08T09:17:18Z,true
12831,121000,270,2025-02-08T09:14:03Z,true
12831,117000,270,2025-02-08T09:11:59Z,false
12831,114000,290,2025-02-08T09:11:39Z,true
12831,110000,285,2025-02-08T09:11:25Z,true
12831,122000,270,2025-02-08T09:11:08Z,true
12831,111000,255,2025-02-08T09:08:53Z,false
12831,122000,270,2025-02-08T09:06:48Z,true
12831,121000,270,2025-02-08T09:01:59Z,true
12831,111000,250,2025-02-08T08:59:39Z,true
12831,113000,275,2025-02-08T08:55:06Z,true
12831,124000,245,2025-02-08T08:49:11Z,false
12831,111000,265,2025-02-08T08:49:07Z,true
12831,121000,270,2025-02-08T08:45:19Z,true
12831,113000,275,2025-02-08T08:45:15Z,true
12831,114000,290,2025-02-08T08:44:32Z,true
12831,113000,260,2025-02-08T08:37:05Z,true
12831,117000,270,2025-02-08T08:34:56Z,false
12831,112000,275,2025-02-08T08:32:32Z,false
12831,109000,275,2025-02-08T08:27:56Z,false
12831,118000,265,2025-02-08T08:23:30Z,false
12831,121000,270,2025-02-08T08:21:37Z,true
12831,112000,260,2025-02-08T08:21:25Z,true
12831,112000,260,2025-02-08T08:19:29Z,true
12831,113000,260,2025-02-08T08:17:47Z,true
12831,120000,270,2025-02-08T08:08:27Z,true
12831,140000,240,2025-02-08T08:04:40Z,false
12831,124000,245,2025-02-08T08:04:40Z,false
12831,117000,250,2025-02-08T08:04:40Z,false
12831,109000,275,2025-02-08T08:00:34Z,true
12831,120000,270,2025-02-08T07:59:29Z,true
12831,112000,260,2025-02-08T07:49:07Z,false
12831,111000,250,2025-02-08T07:47:27Z,true
12831,99000,300,2025-02-08T07:46:56Z,true
12831,119000,270,2025-02-08T07:46:16Z,true
12831,111000,255,2025-02-08T07:45:57Z,true
12831,117000,280,2025-02-08T07:41:39Z,false
12831,111000,250,2025-02-08T07:41:37Z,true
12831,111000,255,2025-02-08T07:39:19Z,true
12831,121000,270,2025-02-08T07:38:13Z,true
12831,121000,270,2025-02-08T07:34:58Z,true
12831,112000,250,2025-02-08T07:34:09Z,true
12831,112000,250,2025-02-08T07:33:07Z,true
12831,111000,250,2025-02-08T07:32:33Z,true
12831,120000,270,2025-02-08T07:30:06Z,true
12831,111000,255,2025-02-08T07:28:51Z,true
12831,99000,300,2025-02-08T07:25:31Z,true
12831,116000,280,2025-02-08T07:24:38Z,false
12831,112000,260,2025-02-08T07:24:02Z,true
12831,112000,260,2025-02-08T07:23:40Z,true
12831,111000,255,2025-02-08T07:19:49Z,true
12831,112000,260,2025-02-08T07:18:48Z,true
12831,111000,250,2025-02-08T07:18:44Z,true
12831,119000,265,2025-02-08T07:14:55Z,true
12831,105000,290,2025-02-08T07:14:50Z,true
12831,108000,275,2025-02-08T07:10:01Z,false
12831,119000,265,2025-02-08T07:00:18Z,true
12831,111000,260,2025-02-08T07:00:02Z,true
12831,116000,280,2025-02-08T06:59:06Z,false
12831,108000,275,2025-02-08T06:55:23Z,false
12831,107000,285,2025-02-08T06:54:30Z,true
12831,108000,275,2025-02-08T06:51:45Z,false
12831,111000,265,2025-02-08T06:48:27Z,true
12831,121000,270,2025-02-08T06:45:32Z,true
12831,121000,270,2025-02-08T06:41:20Z,true
12831,113000,275,2025-02-08T06:38:59Z,true
12831,97000,300,2025-02-08T06:32:31Z,true
12831,112000,260,2025-02-08T06:26:32Z,true
12831,112000,260,2025-02-08T06:21:22Z,true
12831,112000,250,2025-02-08T06:17:57Z,true
12831,113000,275,2025-02-08T06:14:34Z,true
12831,119000,265,2025-02-08T06:12:59Z,false
12831,111000,270,2025-02-08T06:11:56Z,true
12831,119000,265,2025-02-08T06:04:44Z,false
12831,112000,250,2025-02-08T05:57:08Z,true
12831,114000,255,2025-02-08T05:48:53Z,true
12831,118000,265,2025-02-08T05:47:17Z,false
12831,117000,265,2025-02-08T05:46:41Z,false
12831,115000,280,2025-02-08T05:46:06Z,false
12831,107000,285,2025-02-08T05:44:22Z,false
12831,109000,290,2025-02-08T05:43:28Z,false
12831,110000,250,2025-02-08T05:39:26Z,true
12831,120000,270,2025-02-08T05:39:25Z,true
12831,120000,265,2025-02-08T05:38:28Z,true
12831,111000,265,2025-02-08T05:37:31Z,true
12831,108000,275,2025-02-08T05:35:37Z,true
12831,112000,250,2025-02-08T05:31:14Z,true
12831,122000,280,2025-02-08T05:30:44Z,true
12831,113000,275,2025-02-08T05:28:09Z,true
12831,105000,260,2025-02-08T05:25:04Z,true
12831,107000,275,2025-02-08T05:23:09Z,false
12831,111000,255,2025-02-08T05:22:18Z,true
12831,112000,275,2025-02-08T05:21:46Z,true
12831,116000,270,2025-02-08T05:18:11Z,false
12831,112000,260,2025-02-08T05:16:08Z,false
12831,111000,255,2025-02-08T05:10:46Z,true
12831,120000,270,2025-02-08T05:05:42Z,true
12831,120000,270,2025-02-08T05:03:28Z,true
12831,111000,270,2025-02-08T04:59:59Z,true
12831,112000,250,2025-02-08T04:58:58Z,true
12831,120000,265,2025-02-08T04:54:28Z,true
12831,120000,265,2025-02-08T04:51:05Z,true
12831,116000,265,2025-02-08T04:47:16Z,false
12831,134000,240,2025-02-08T04:41:11Z,true
12831,122000,280,2025-02-08T04:38:08Z,true
12831,114000,270,2025-02-08T04:37:26Z,false
12831,112000,260,2025-02-08T04:35:07Z,true
12831,114000,270,2025-02-08T04:35:04Z,false
12831,108000,275,2025-02-08T04:30:16Z,false
12831,110000,255,2025-02-08T04:29:48Z,true
12831,111000,265,2025-02-08T04:25:34Z,true
12831,108000,275,2025-02-08T04:20:05Z,true
12831,112000,275,2025-02-08T04:08:29Z,true
12831,119000,265,2025-02-08T04:08:18Z,true
12831,119000,265,2025-02-08T04:07:31Z,true
12831,111000,265,2025-02-08T04:06:15Z,true
12831,116000,265,2025-02-08T03:55:44Z,false
12831,111000,270,2025-02-08T03:55:34Z,true
12831,111000,265,2025-02-08T03:38:24Z,true
12831,119000,265,2025-02-08T03:35:41Z,true
12831,111000,275,2025-02-08T03:34:53Z,true
12831,126000,245,2025-02-08T03:29:01Z,true
12831,112000,260,2025-02-08T03:27:38Z,true
12831,123000,295,2025-02-08T03:19:53Z,false
12831,106000,285,2025-02-08T03:19:39Z,false
12831,125000,245,2025-02-08T03:18:54Z,true
12831,97000,300,2025-02-08T03:15:10Z,true
12831,109000,270,2025-02-08T03:11:04Z,true
12831,110000,265,2025-02-08T03:10:00Z,true
12831,119000,265,2025-02-08T03:02:10Z,true
12831,120000,265,2025-02-08T02:59:11Z,true
12831,117000,270,2025-02-08T02:45:13Z,false
12831,120000,270,2025-02-08T02:41:31Z,true
12831,111000,250,2025-02-08T02:34:36Z,true
12831,120000,270,2025-02-08T02:33:51Z,true
12831,111000,265,2025-02-08T02:33:27Z,true
12831,101000,300,2025-02-08T02:17:08Z,true
12831,112000,260,2025-02-08T02:15:17Z,false
12831,121000,270,2025-02-08T02:04:13Z,true
12831,118000,295,2025-02-08T01:53:28Z,true
12831,114000,290,2025-02-08T01:43:55Z,true
12831,118000,265,2025-02-08T01:37:13Z,false
12831,114000,255,2025-02-08T01:32:26Z,true
12831,114000,260,2025-02-08T01:21:17Z,true
12831,117000,270,2025-02-08T01:15:50Z,false
12831,121000,265,2025-02-08T01:12:30Z,true
12831,110000,270,2025-02-08T01:11:09Z,true
12831,121000,270,2025-02-08T01:07:24Z,true
12831,114000,260,2025-02-08T01:01:08Z,true
12831,116000,270,2025-02-08T00:54:32Z,false
12831,116000,265,2025-02-08T00:53:44Z,false
12831,121000,270,2025-02-08T00:50:41Z,true
12831,125000,245,2025-02-08T00:50:37Z,true
12831,110000,270,2025-02-08T00:50:21Z,true
12831,111000,265,2025-02-08T00:50:20Z,true
12831,111000,275,2025-02-08T00:47:36Z,false
12831,121000,270,2025-02-08T00:44:04Z,true
12831,113000,260,2025-02-08T00:41:20Z,true
12831,110000,275,2025-02-08T00:40:35Z,false
12831,110000,285,2025-02-08T00:36:13Z,true
12831,115000,265,2025-02-08T00:30:27Z,false
12831,113000,260,2025-02-08T00:28:37Z,true
12831,111000,250,2025-02-08T00:27:58Z,true
12831,114000,265,2025-02-08T00:17:26Z,false
12831,114000,255,2025-02-08T00:11:29Z,true
12831,112000,260,2025-02-08T00:00:14Z,false
12831,114000,275,2025-02-07T23:35:01Z,true
12831,121000,265,2025-02-07T23:31:51Z,true
12831,116000,270,2025-02-07T23:27:53Z,false
12831,122000,265,2025-02-07T23:16:33Z,true
12831,117000,265,2025-02-07T23:00:36Z,true
12831,122000,270,2025-02-07T22:30:52Z,true
12831,122000,270,2025-02-07T22:28:53Z,true
12831,111000,255,2025-02-07T22:24:13Z,true
12831,121000,270,2025-02-07T22:20:29Z,true
12831,111000,255,2025-02-07T21:41:55Z,true
12831,114000,290,2025-02-07T21:31:00Z,true
12831,111000,275,2025-02-07T20:02:36Z,true
12831,112000,270,2025-02-07T19:59:24Z,true
12831,111000,270,2025-02-07T19:54:49Z,true
12831,111000,270,2025-02-07T19:54:10Z,true
12831,111000,270,2025-02-07T19:53:26Z,true
12831,111000,270,2025-02-07T19:52:53Z,true
12831,111000,270,2025-02-07T19:52:13Z,true
12831,111000,270,2025-02-07T19:51:34Z,true
12831,111000,270,2025-02-07T19:50:47Z,true
12831,111000,270,2025-02-07T19:50:11Z,true
12831,111000,270,2025-02-07T19:49:32Z,true
12831,111000,270,2025-02-07T19:48:48Z,true
12831,111000,270,2025-02-07T19:48:15Z,true
12831,111000,270,2025-02-07T19:47:21Z,true
12831,111000,270,2025-02-07T19:46:41Z,true
12831,111000,270,2025-02-07T19:45:53Z,true
12831,111000,270,2025-02-07T19:44:55Z,true
12831,111000,270,2025-02-07T19:44:15Z,true
12831,111000,270,2025-02-07T19:43:31Z,true
12831,111000,270,2025-02-07T19:42:50Z,true
12831,111000,270,2025-02-07T19:42:18Z,true
12831,111000,270,2025-02-07T19:41:49Z,true
12831,111000,270,2025-02-07T19:41:16Z,true
12831,111000,270,2025-02-07T19:40:48Z,true
12831,111000,270,2025-02-07T19:40:24Z,true
12831,111000,270,2025-02-07T19:39:49Z,true
12831,111000,270,2025-02-07T19:39:14Z,true
12831,111000,270,2025-02-07T19:38:42Z,true
12831,111000,270,2025-02-07T19:38:07Z,true
12831,111000,270,2025-02-07T19:37:31Z,true
12831,111000,270,2025-02-07T19:37:01Z,true
12831,111000,270,2025-02-07T19:36:28Z,true
12831,111000,270,2025-02-07T19:35:53Z,true
12831,111000,270,2025-02-07T19:35:23Z,true
12831,111000,270,2025-02-07T19:34:54Z,true
12831,111000,270,2025-02-07T19:34:22Z,true
12831,111000,270,2025-02-07T19:33:50Z,true
12831,111000,270,2025-02-07T19:33:23Z,true
12831,111000,270,2025-02-07T19:32:50Z,true
12831,111000,270,2025-02-07T19:32:13Z,true
12831,111000,270,2025-02-07T19:31:15Z,true
12831,111000,270,2025-02-07T19:30:46Z,true
12831,111000,270,2025-02-07T19:29:54Z,true
12831,111000,270,2025-02-07T19:27:52Z,true
12831,111000,270,2025-02-07T19:27:09Z,true
12831,111000,270,2025-02-07T19:26:13Z,true
12831,111000,270,2025-02-07T19:25:16Z,true
12831,111000,270,2025-02-07T19:24:24Z,true
12831,111000,270,2025-02-07T19:23:20Z,true
12831,111000,270,2025-02-07T19:22:28Z,true
12831,111000,270,2025-02-07T19:21:20Z,true
12831,111000,270,2025-02-07T19:20:17Z,true
12831,111000,270,2025-02-07T19:19:11Z,true
12831,111000,270,2025-02-07T19:18:10Z,true
12831,111000,270,2025-02-07T19:17:14Z,true
12831,111000,270,2025-02-07T19:15:49Z,true
12831,111000,270,2025-02-07T19:14:49Z,true
12831,111000,270,2025-02-07T19:13:59Z,true
12831,111000,270,2025-02-07T19:12:51Z,true
12831,111000,270,2025-02-07T19:11:48Z,true
12831,111000,270,2025-02-07T19:11:01Z,true
12831,111000,270,2025-02-07T19:09:52Z,true
12831,111000,270,2025-02-07T19:08:38Z,true
12831,111000,270,2025-02-07T19:07:31Z,true
12831,111000,270,2025-02-07T19:06:28Z,true
12831,111000,270,2025-02-07T19:05:05Z,true
12831,111000,270,2025-02-07T19:03:14Z,true
12831,111000,270,2025-02-07T19:01:26Z,true
12831,111000,270,2025-02-07T18:59:19Z,true
12831,111000,270,2025-02-07T18:58:18Z,true
12831,111000,270,2025-02-07T18:57:11Z,true
12831,111000,270,2025-02-07T18:56:15Z,true
12831,111000,270,2025-02-07T18:55:19Z,true
12831,111000,270,2025-02-07T18:54:11Z,true
12831,111000,270,2025-02-07T18:53:08Z,true
12831,111000,265,2025-02-07T18:52:10Z,true
12831,111000,270,2025-02-07T18:52:05Z,true
12831,111000,265,2025-02-07T18:51:24Z,true
12831,111000,270,2025-02-07T18:51:09Z,true
12831,111000,265,2025-02-07T18:50:40Z,true
12831,111000,270,2025-02-07T18:50:17Z,true
12831,111000,265,2025-02-07T18:50:01Z,true
12831,111000,270,2025-02-07T18:49:02Z,true
12831,111000,270,2025-02-07T18:48:04Z,true
12831,111000,270,2025-02-07T18:47:03Z,true
12831,111000,265,2025-02-07T18:46:42Z,true
12831,111000,270,2025-02-07T18:46:06Z,true
12831,111000,270,2025-02-07T18:45:05Z,true
12831,111000,270,2025-02-07T18:44:10Z,true
12831,111000,270,2025-02-07T18:43:40Z,true
12831,111000,270,2025-02-07T18:42:53Z,true
12831,111000,270,2025-02-07T18:41:57Z,true
12831,111000,270,2025-02-07T18:40:55Z,true
12831,111000,270,2025-02-07T18:39:52Z,true
12831,111000,270,2025-02-07T18:38:41Z,true
12831,111000,270,2025-02-07T18:37:49Z,true
12831,111000,270,2025-02-07T18:36:49Z,true
12831,111000,270,2025-02-07T18:35:47Z,true
12831,111000,270,2025-02-07T18:34:48Z,true
12831,111000,270,2025-02-07T18:33:37Z,true
12831,111000,270,2025-02-07T18:32:44Z,true
12831,111000,270,2025-02-07T18:31:48Z,true
12831,111000,270,2025-02-07T18:30:49Z,true
12831,111000,270,2025-02-07T18:29:55Z,true
12831,111000,270,2025-02-07T18:28:55Z,true
12831,111000,270,2025-02-07T18:27:27Z,true
12831,111000,270,2025-02-07T18:26:26Z,true
12831,111000,270,2025-02-07T18:25:20Z,true
12831,111000,265,2025-02-07T18:24:51Z,true
12831,111000,265,2025-02-07T18:23:25Z,true
12831,116000,280,2025-02-07T18:22:53Z,false
12831,111000,265,2025-02-07T18:22:42Z,true
12831,111000,265,2025-02-07T18:21:55Z,true
12831,111000,265,2025-02-07T18:20:59Z,true
12831,111000,265,2025-02-07T18:20:10Z,true
12831,111000,265,2025-02-07T18:19:18Z,true
12831,111000,265,2025-02-07T18:18:22Z,true
12831,111000,265,2025-02-07T18:17:24Z,true
12831,111000,265,2025-02-07T18:16:29Z,true
12831,111000,265,2025-02-07T18:15:31Z,true
12831,111000,265,2025-02-07T18:14:35Z,true
12831,111000,265,2025-02-07T18:13:26Z,true
12831,111000,265,2025-02-07T18:12:49Z,true
12831,111000,265,2025-02-07T18:12:11Z,true
12831,111000,265,2025-02-07T18:11:24Z,true
12831,111000,265,2025-02-07T18:10:43Z,true
12831,111000,265,2025-02-07T18:09:56Z,true
12831,111000,265,2025-02-07T18:09:12Z,true
12831,114000,280,2025-02-07T18:08:39Z,true
12831,111000,265,2025-02-07T18:08:10Z,true
12831,111000,265,2025-02-07T18:07:09Z,true
12831,111000,265,2025-02-07T18:06:06Z,true
12831,111000,265,2025-02-07T18:04:57Z,true
12831,111000,265,2025-02-07T18:03:58Z,true
12831,111000,265,2025-02-07T18:02:55Z,true
12831,111000,265,2025-02-07T18:01:39Z,true
12831,111000,265,2025-02-07T18:00:05Z,true
12831,114000,290,2025-02-07T17:59:51Z,true
12831,111000,265,2025-02-07T17:58:25Z,true
12831,111000,265,2025-02-07T17:57:15Z,true
12831,111000,265,2025-02-07T17:56:18Z,true
12831,111000,265,2025-02-07T17:55:23Z,true
12831,111000,265,2025-02-07T17:55:14Z,true
12831,111000,265,2025-02-07T17:54:30Z,true
12831,111000,265,2025-02-07T17:53:39Z,true
12831,111000,265,2025-02-07T17:52:29Z,true
12831,111000,265,2025-02-07T17:51:38Z,true
12831,111000,265,2025-02-07T17:50:25Z,true
12831,111000,265,2025-02-07T17:49:09Z,true
12831,111000,265,2025-02-07T17:47:52Z,true
12831,98000,300,2025-02-07T17:40:06Z,true
12831,111000,265,2025-02-07T17:39:33Z,true
12831,111000,265,2025-02-07T17:38:17Z,true
12831,111000,265,2025-02-07T17:36:42Z,true
12831,111000,265,2025-02-07T17:35:19Z,true
12831,111000,265,2025-02-07T17:34:23Z,true
12831,111000,265,2025-02-07T17:33:12Z,true
12831,111000,265,2025-02-07T17:32:22Z,true
12831,113000,260,2025-02-07T17:32:20Z,true
12831,111000,265,2025-02-07T17:30:12Z,true
12831,111000,260,2025-02-07T17:29:21Z,true
12831,111000,260,2025-02-07T17:28:05Z,true
12831,114000,290,2025-02-07T17:24:44Z,true
12831,111000,250,2025-02-07T17:22:25Z,true
12831,111000,255,2025-02-07T17:19:55Z,true
12831,111000,255,2025-02-07T17:18:39Z,true
12831,111000,255,2025-02-07T17:17:48Z,true
12831,111000,255,2025-02-07T17:16:02Z,true
12831,111000,255,2025-02-07T17:15:08Z,true
12831,111000,255,2025-02-07T17:14:33Z,true
12831,122000,270,2025-02-07T17:11:22Z,true
12831,111000,255,2025-02-07T17:11:21Z,true
12831,111000,275,2025-02-07T17:08:08Z,true
12831,113000,250,2025-02-07T17:04:07Z,true
12831,113000,250,2025-02-07T17:02:35Z,true
12831,113000,250,2025-02-07T17:01:07Z,true
12831,112000,250,2025-02-07T17:00:23Z,true
12831,112000,250,2025-02-07T16:59:23Z,true
12831,115000,265,2025-02-07T16:56:34Z,true
12831,115000,265,2025-02-07T16:53:06Z,true
12831,111000,260,2025-02-07T16:51:48Z,true
12831,111000,260,2025-02-07T16:51:10Z,true
12831,116000,265,2025-02-07T16:30:18Z,true
12831,111000,255,2025-02-07T16:27:20Z,true
12831,103000,285,2025-02-07T16:24:48Z,true
12831,116000,270,2025-02-07T16:24:02Z,false
12831,117000,260,2025-02-07T16:17:08Z,true
12831,115000,280,2025-02-07T15:51:38Z,false
12831,112000,260,2025-02-07T15:50:51Z,false
12831,98000,300,2025-02-07T15:48:24Z,true
12831,109000,260,2025-02-07T15:28:00Z,true
12831,116000,265,2025-02-07T15:27:29Z,false
12831,116000,270,2025-02-07T15:24:32Z,false
12831,100000,285,2025-02-07T15:16:02Z,true
12831,114000,250,2025-02-07T15:16:02Z,true
12831,118000,255,2025-02-07T15:14:26Z,true
12831,112000,275,2025-02-07T15:07:44Z,true
12831,115000,280,2025-02-07T15:03:21Z,false
12831,110000,270,2025-02-07T14:53:04Z,true
12831,116000,265,2025-02-07T14:51:50Z,false
12831,116000,265,2025-02-07T14:43:12Z,false
12831,116000,265,2025-02-07T14:39:21Z,false
12831,111000,275,2025-02-07T14:37:29Z,false
12831,99000,300,2025-02-07T14:35:34Z,true
12831,124000,280,2025-02-07T14:35:04Z,true
12831,125000,265,2025-02-07T14:34:46Z,true
12831,115000,280,2025-02-07T14:25:57Z,false
12831,116000,270,2025-02-07T14:24:20Z,false
12831,114000,280,2025-02-07T14:21:11Z,true
12831,139000,240,2025-02-07T14:19:23Z,true
12831,128000,270,2025-02-07T14:14:34Z,true
12831,115000,270,2025-02-07T14:13:04Z,false
12831,118000,255,2025-02-07T14:12:27Z,true
12831,126000,245,2025-02-07T14:10:26Z,true
12831,114000,275,2025-02-07T14:03:26Z,true
12831,116000,265,2025-02-07T13:59:54Z,false
12831,126000,265,2025-02-07T13:59:02Z,true
12831,125000,280,2025-02-07T13:58:33Z,true
12831,114000,260,2025-02-07T13:53:19Z,false
12831,114000,255,2025-02-07T13:50:58Z,false
12831,116000,270,2025-02-07T13:48:34Z,false
12831,127000,270,2025-02-07T13:48:24Z,true
12831,111000,290,2025-02-07T13:42:59Z,false
12831,114000,260,2025-02-07T13:34:00Z,false
12831,116000,270,2025-02-07T13:32:02Z,false
12831,114000,260,2025-02-07T13:27:45Z,false
12831,111000,290,2025-02-07T13:27:08Z,false
12831,114000,260,2025-02-07T13:23:30Z,false
12831,115000,265,2025-02-07T13:23:02Z,false
12831,110000,285,2025-02-07T13:18:15Z,true
12831,113000,260,2025-02-07T13:17:32Z,false
12831,109000,290,2025-02-07T13:08:41Z,false
12831,116000,270,2025-02-07T13:07:04Z,false
12831,138000,240,2025-02-07T13:03:06Z,true
12831,126000,265,2025-02-07T13:02:03Z,true
12831,128000,270,2025-02-07T13:01:06Z,true
12831,115000,270,2025-02-07T12:59:18Z,false
12831,115000,265,2025-02-07T12:58:18Z,false
12831,114000,265,2025-02-07T12:55:24Z,false
12831,125000,265,2025-02-07T12:54:28Z,true
12831,114000,270,2025-02-07T12:50:11Z,false
12831,126000,245,2025-02-07T12:33:23Z,true
12831,125000,265,2025-02-07T12:31:44Z,true
12831,117000,250,2025-02-07T12:28:33Z,false
12831,117000,250,2025-02-07T12:24:29Z,false
12831,128000,270,2025-02-07T12:23:55Z,true
12831,111000,275,2025-02-07T12:23:53Z,false
12831,109000,260,2025-02-07T12:23:04Z,true
12831,109000,285,2025-02-07T12:22:11Z,false
12831,127000,270,2025-02-07T12:21:17Z,true
12831,125000,265,2025-02-07T12:18:23Z,true
12831,138000,240,2025-02-07T12:16:47Z,true
12831,127000,270,2025-02-07T12:15:08Z,true
12831,113000,280,2025-02-07T12:15:03Z,true
12831,113000,255,2025-02-07T12:15:02Z,false
12831,112000,260,2025-02-07T12:06:56Z,false
12831,115000,270,2025-02-07T11:57:23Z,false
12831,125000,280,2025-02-07T11:56:52Z,true
12831,114000,275,2025-02-07T11:56:36Z,true
12831,127000,270,2025-02-07T11:48:38Z,true
12831,114000,275,2025-02-07T11:48:04Z,true
12831,111000,285,2025-02-07T11:45:28Z,true
12831,115000,270,2025-02-07T11:30:50Z,false
12831,125000,245,2025-02-07T11:29:46Z,true
12831,118000,255,2025-02-07T11:28:53Z,true
12831,116000,290,2025-02-07T11:23:24Z,true
12831,125000,265,2025-02-07T11:23:11Z,true
12831,121000,260,2025-02-07T11:17:48Z,true
12831,116000,270,2025-02-07T11:07:57Z,false
12831,116000,280,2025-02-07T11:05:12Z,false
12831,116000,270,2025-02-07T10:59:25Z,false
12831,102000,285,2025-02-07T10:57:07Z,true
12831,125000,250,2025-02-07T10:49:48Z,true
12831,109000,260,2025-02-07T10:48:43Z,true
12831,114000,275,2025-02-07T10:48:01Z,true
12831,110000,300,2025-02-07T10:46:18Z,true
12831,108000,300,2025-02-07T10:44:27Z,true
12831,107000,290,2025-02-07T10:38:55Z,false
12831,111000,285,2025-02-07T10:37:08Z,true
12831,125000,280,2025-02-07T10:30:38Z,true
12831,103000,285,2025-02-07T10:25:10Z,true
12831,132000,240,2025-02-07T10:24:51Z,true
12831,116000,265,2025-02-07T10:22:49Z,false
12831,106000,290,2025-02-07T10:21:51Z,false
12831,121000,260,2025-02-07T10:15:26Z,true
12831,121000,260,2025-02-07T10:11:00Z,true
12831,112000,260,2025-02-07T10:09:48Z,false
12831,118000,255,2025-02-07T10:07:08Z,true
12831,125000,280,2025-02-07T10:01:07Z,true
12831,119000,250,2025-02-07T09:56:55Z,false
12831,117000,280,2025-02-07T09:47:55Z,false
12831,116000,270,2025-02-07T09:45:01Z,false
12831,118000,265,2025-02-07T09:43:07Z,false
12831,116000,270,2025-02-07T09:42:32Z,false
12831,114000,275,2025-02-07T09:42:00Z,true
12831,112000,275,2025-02-07T09:39:05Z,false
12831,115000,270,2025-02-07T09:33:48Z,false
12831,125000,250,2025-02-07T09:30:34Z,true
12831,121000,260,2025-02-07T09:27:15Z,true
12831,128000,270,2025-02-07T09:24:16Z,true
12831,114000,275,2025-02-07T09:20:17Z,true
12831,125000,250,2025-02-07T09:12:14Z,true
12831,114000,275,2025-02-07T09:09:42Z,true
12831,110000,275,2025-02-07T09:04:56Z,false
12831,109000,280,2025-02-07T09:01:08Z,false
12831,111000,255,2025-02-07T08:57:42Z,true
12831,114000,275,2025-02-07T08:55:45Z,true
12831,118000,265,2025-02-07T08:52:19Z,false
12831,111000,270,2025-02-07T08:49:42Z,false
12831,113000,265,2025-02-07T08:49:41Z,false
12831,107000,290,2025-02-07T08:49:02Z,false
12831,124000,265,2025-02-07T08:42:26Z,true
12831,106000,285,2025-02-07T08:25:44Z,true
12831,118000,255,2025-02-07T08:24:13Z,true
12831,115000,270,2025-02-07T08:23:50Z,false
12831,125000,250,2025-02-07T08:23:08Z,true
12831,115000,270,2025-02-07T08:17:05Z,false
12831,119000,270,2025-02-07T08:13:40Z,false
12831,114000,270,2025-02-07T08:11:33Z,false
12831,110000,270,2025-02-07T08:10:28Z,false
12831,114000,275,2025-02-07T08:09:14Z,true
12831,116000,290,2025-02-07T08:06:53Z,true
12831,119000,250,2025-02-07T08:04:10Z,false
12831,112000,275,2025-02-07T08:02:30Z,false
12831,118000,265,2025-02-07T08:00:06Z,false
12831,119000,250,2025-02-07T07:59:06Z,false
12831,138000,240,2025-02-07T07:56:39Z,true
12831,118000,270,2025-02-07T07:55:42Z,false
12831,121000,260,2025-02-07T07:50:52Z,true
12831,109000,255,2025-02-07T07:48:42Z,true
12831,138000,240,2025-02-07T07:45:16Z,true
12831,128000,270,2025-02-07T07:37:15Z,true
12831,127000,270,2025-02-07T07:35:03Z,true
12831,116000,280,2025-02-07T07:34:19Z,false
12831,107000,290,2025-02-07T07:34:17Z,false
12831,115000,295,2025-02-07T07:33:25Z,true
12831,116000,280,2025-02-07T07:32:47Z,false
12831,109000,285,2025-02-07T07:31:10Z,true
12831,114000,275,2025-02-07T07:30:04Z,true
12831,121000,260,2025-02-07T07:28:16Z,true
12831,118000,270,2025-02-07T07:23:46Z,false
12831,112000,275,2025-02-07T07:23:08Z,false
12831,117000,270,2025-02-07T07:19:37Z,false
12831,121000,260,2025-02-07T07:15:21Z,true
12831,121000,260,2025-02-07T07:11:53Z,true
12831,123000,265,2025-02-07T07:11:47Z,true
12831,115000,260,2025-02-07T07:09:34Z,false
12831,123000,265,2025-02-07T07:06:46Z,true
12831,109000,260,2025-02-07T07:05:13Z,true
12831,128000,270,2025-02-07T06:58:22Z,true
12831,128000,270,2025-02-07T06:57:48Z,true
12831,114000,275,2025-02-07T06:53:49Z,true
12831,116000,270,2025-02-07T06:46:52Z,true
12831,112000,275,2025-02-07T06:42:30Z,false
12831,112000,275,2025-02-07T06:41:08Z,false
12831,116000,280,2025-02-07T06:33:55Z,false
12831,116000,280,2025-02-07T06:24:19Z,false
12831,113000,275,2025-02-07T06:19:52Z,false
12831,113000,310,2025-02-07T06:19:12Z,false
12831,118000,265,2025-02-07T06:17:03Z,false
12831,118000,265,2025-02-07T06:17:03Z,false
12831,116000,270,2025-02-07T06:16:29Z,false
12831,139000,240,2025-02-07T06:01:54Z,false
12831,109000,285,2025-02-07T06:01:26Z,true
12831,125000,280,2025-02-07T05:50:19Z,true
12831,123000,265,2025-02-07T05:49:53Z,true
12831,127000,240,2025-02-07T05:48:25Z,true
12831,121000,260,2025-02-07T05:47:57Z,true
12831,117000,265,2025-02-07T05:47:50Z,false
12831,115000,265,2025-02-07T05:44:24Z,false
12831,128000,270,2025-02-07T05:43:29Z,true
12831,106000,290,2025-02-07T05:42:50Z,false
12831,125000,270,2025-02-07T05:40:47Z,true
12831,118000,255,2025-02-07T05:39:04Z,true
12831,107000,300,2025-02-07T05:34:03Z,true
12831,126000,245,2025-02-07T05:33:15Z,true
12831,116000,270,2025-02-07T05:31:29Z,false
12831,121000,260,2025-02-07T05:23:43Z,true
12831,117000,260,2025-02-07T05:19:27Z,false
12831,116000,270,2025-02-07T05:17:17Z,false
12831,114000,275,2025-02-07T05:08:27Z,true
12831,125000,270,2025-02-07T05:06:23Z,true
12831,126000,245,2025-02-07T05:04:52Z,true
12831,108000,285,2025-02-07T05:04:19Z,true
12831,116000,280,2025-02-07T05:03:40Z,false
12831,116000,270,2025-02-07T04:56:56Z,false
12831,113000,275,2025-02-07T04:56:19Z,false
12831,114000,275,2025-02-07T04:56:16Z,true
12831,119000,250,2025-02-07T04:52:10Z,false
12831,118000,255,2025-02-07T04:42:08Z,true
12831,116000,280,2025-02-07T04:41:49Z,false
12831,125000,270,2025-02-07T04:40:29Z,true
12831,125000,250,2025-02-07T04:40:27Z,true
12831,108000,285,2025-02-07T04:39:00Z,true
12831,116000,280,2025-02-07T04:38:36Z,false
12831,111000,270,2025-02-07T04:38:36Z,true
12831,124000,270,2025-02-07T04:38:23Z,true
12831,124000,270,2025-02-07T04:29:51Z,true
12831,115000,255,2025-02-07T04:29:34Z,false
12831,114000,275,2025-02-07T04:25:49Z,true
12831,121000,260,2025-02-07T04:24:28Z,true
12831,120000,260,2025-02-07T04:22:55Z,true
12831,123000,250,2025-02-07T04:20:33Z,true
12831,117000,270,2025-02-07T04:17:51Z,false
12831,116000,280,2025-02-07T04:16:39Z,false
12831,117000,270,2025-02-07T04:03:23Z,false
12831,114000,275,2025-02-07T04:02:38Z,true
12831,120000,260,2025-02-07T03:56:26Z,true
12831,119000,260,2025-02-07T03:53:31Z,true
12831,119000,260,2025-02-07T03:33:45Z,true
12831,125000,280,2025-02-07T03:23:36Z,true
12831,107000,300,2025-02-07T03:20:30Z,true
12831,118000,255,2025-02-07T03:16:52Z,true
12831,108000,285,2025-02-07T03:13:54Z,true
12831,113000,275,2025-02-07T03:13:25Z,true
12831,122000,250,2025-02-07T03:13:24Z,true
12831,110000,270,2025-02-07T03:13:06Z,false
12831,113000,275,2025-02-07T03:11:26Z,true
12831,117000,255,2025-02-07T03:09:38Z,true
12831,112000,270,2025-02-07T03:02:22Z,false
12831,125000,270,2025-02-07T02:59:32Z,true
12831,113000,280,2025-02-07T02:50:01Z,true
12831,135000,310,2025-02-07T02:47:40Z,true
12831,111000,270,2025-02-07T02:45:56Z,false
12831,111000,270,2025-02-07T02:44:03Z,false
12831,112000,270,2025-02-07T02:43:38Z,false
12831,118000,260,2025-02-07T02:30:52Z,false
12831,123000,265,2025-02-07T02:26:04Z,true
12831,116000,280,2025-02-07T02:23:39Z,false
12831,118000,260,2025-02-07T02:22:58Z,false
12831,99000,300,2025-02-07T02:15:40Z,false
12831,118000,270,2025-02-07T02:15:28Z,false
12831,109000,255,2025-02-07T02:03:51Z,true
12831,116000,280,2025-02-07T02:03:02Z,false
12831,113000,250,2025-02-07T02:00:55Z,false
12831,114000,250,2025-02-07T02:00:24Z,false
12831,118000,250,2025-02-07T01:49:35Z,true
12831,108000,290,2025-02-07T01:48:19Z,true
12831,118000,270,2025-02-07T01:25:31Z,false
12831,118000,270,2025-02-07T01:24:52Z,false
12831,113000,275,2025-02-07T01:19:54Z,true
12831,115000,280,2025-02-07T01:17:42Z,false
12831,115000,280,2025-02-07T01:16:37Z,false
12831,112000,275,2025-02-07T01:15:58Z,false
12831,117000,255,2025-02-07T01:15:46Z,true
12831,115000,280,2025-02-07T01:01:53Z,false
12831,118000,270,2025-02-07T01:01:31Z,false
12831,108000,285,2025-02-07T00:47:34Z,true
12831,118000,270,2025-02-07T00:20:50Z,false
12831,123000,265,2025-02-07T00:19:32Z,true
12831,125000,280,2025-02-07T00:12:16Z,true
12831,125000,245,2025-02-07T00:08:27Z,false
12831,125000,270,2025-02-07T00:01:37Z,true
12831,119000,250,2025-02-06T23:54:21Z,false
12831,108000,285,2025-02-06T23:51:40Z,true
12831,113000,275,2025-02-06T23:48:39Z,true
12831,118000,270,2025-02-06T23:46:20Z,false
12831,121000,260,2025-02-06T23:45:03Z,true
12831,123000,270,2025-02-06T23:34:24Z,true
12831,123000,270,2025-02-06T23:29:25Z,true
12831,117000,265,2025-02-06T23:21:55Z,false
12831,122000,250,2025-02-06T23:21:52Z,true
12831,106000,290,2025-02-06T23:20:37Z,false
12831,122000,250,2025-02-06T23:19:24Z,true
12831,123000,270,2025-02-06T23:18:05Z,true
12831,117000,265,2025-02-06T23:16:24Z,false
12831,108000,275,2025-02-06T23:13:15Z,true
12831,111000,270,2025-02-06T23:13:03Z,false
12831,121000,260,2025-02-06T22:57:59Z,true
12831,123000,265,2025-02-06T22:52:29Z,true
12831,115000,280,2025-02-06T22:50:01Z,false
12831,123000,270,2025-02-06T22:45:05Z,true
12831,120000,260,2025-02-06T22:41:27Z,true
12831,117000,270,2025-02-06T22:21:43Z,false
12831,113000,275,2025-02-06T22:12:42Z,true
12831,115000,260,2025-02-06T22:12:21Z,false
12831,138000,240,2025-02-06T22:02:58Z,true
12831,125000,280,2025-02-06T22:00:54Z,true
12831,115000,255,2025-02-06T21:13:38Z,false
12831,120000,250,2025-02-06T20:47:02Z,true
12831,120000,250,2025-02-06T20:39:51Z,true
12831,116000,255,2025-02-06T20:19:17Z,true
12831,108000,285,2025-02-06T18:42:21Z,true
12831,122000,270,2025-02-06T18:41:44Z,true
12831,112000,275,2025-02-06T18:37:48Z,false
12831,117000,270,2025-02-06T18:34:01Z,false
12831,121000,270,2025-02-06T18:25:19Z,true
12831,113000,275,2025-02-06T17:59:37Z,true
12831,120000,260,2025-02-06T17:47:53Z,true
12831,113000,260,2025-02-06T17:18:59Z,true
12831,112000,275,2025-02-06T17:13:39Z,false
12831,109000,285,2025-02-06T17:07:47Z,false
12831,107000,300,2025-02-06T16:58:47Z,true
12831,123000,265,2025-02-06T16:55:42Z,true
12831,118000,270,2025-02-06T16:47:43Z,false
12831,111000,275,2025-02-06T16:41:09Z,true
12831,116000,255,2025-02-06T16:32:37Z,true
12831,111000,275,2025-02-06T16:26:37Z,true
12831,117000,265,2025-02-06T16:23:49Z,false
12831,123000,265,2025-02-06T16:23:03Z,true
12831,122000,270,2025-02-06T16:18:07Z,true
12831,138000,240,2025-02-06T16:17:54Z,true
12831,112000,275,2025-02-06T16:15:13Z,false
12831,108000,300,2025-02-06T16:14:56Z,true
12831,108000,275,2025-02-06T16:08:00Z,true
12831,120000,260,2025-02-06T16:06:55Z,true
12831,112000,275,2025-02-06T16:06:30Z,true
12831,119000,260,2025-02-06T16:04:54Z,true
12831,124000,270,2025-02-06T16:04:25Z,true
12831,113000,260,2025-02-06T16:03:00Z,false
12831,112000,310,2025-02-06T15:59:12Z,false
12831,108000,285,2025-02-06T15:56:55Z,false
12831,108000,285,2025-02-06T15:39:31Z,true
12831,118000,265,2025-02-06T15:38:02Z,false
12831,119000,250,2025-02-06T15:37:17Z,true
12831,112000,275,2025-02-06T15:36:58Z,true
12831,99000,300,2025-02-06T15:36:22Z,false
12831,111000,275,2025-02-06T15:34:49Z,true
12831,119000,250,2025-02-06T15:29:22Z,false
12831,111000,275,2025-02-06T15:29:13Z,true
12831,119000,260,2025-02-06T15:27:20Z,true
12831,118000,265,2025-02-06T15:17:05Z,false
12831,110000,270,2025-02-06T15:15:39Z,true
12831,125000,270,2025-02-06T15:13:49Z,true
12831,115000,255,2025-02-06T15:09:26Z,false
12831,115000,280,2025-02-06T15:08:38Z,false
12831,112000,275,2025-02-06T15:01:49Z,true
12831,127000,245,2025-02-06T14:55:04Z,true
12831,126000,280,2025-02-06T14:54:53Z,true
12831,114000,260,2025-02-06T14:49:00Z,false
12831,115000,265,2025-02-06T14:48:24Z,false
12831,125000,270,2025-02-06T14:45:01Z,true
12831,125000,265,2025-02-06T14:44:00Z,true
12831,120000,260,2025-02-06T14:41:57Z,true
12831,112000,275,2025-02-06T14:40:54Z,true
12831,110000,270,2025-02-06T14:39:41Z,true
12831,119000,240,2025-02-06T14:37:48Z,true
12831,112000,275,2025-02-06T14:35:39Z,false
12831,126000,270,2025-02-06T14:35:30Z,true
12831,127000,265,2025-02-06T14:33:06Z,true
12831,113000,275,2025-02-06T14:30:18Z,true
12831,118000,265,2025-02-06T14:29:04Z,false
12831,110000,270,2025-02-06T14:18:58Z,true
12831,109000,285,2025-02-06T14:15:52Z,true
12831,107000,285,2025-02-06T14:14:04Z,false
12831,118000,255,2025-02-06T14:13:32Z,true
12831,126000,245,2025-02-06T14:11:48Z,true
12831,128000,265,2025-02-06T14:10:25Z,true
12831,114000,275,2025-02-06T14:09:28Z,true
12831,113000,280,2025-02-06T14:06:15Z,true
12831,117000,265,2025-02-06T14:05:56Z,false
12831,126000,245,2025-02-06T14:05:08Z,false
12831,130000,270,2025-02-06T14:04:57Z,true
12831,115000,265,2025-02-06T14:04:00Z,false
12831,115000,275,2025-02-06T14:00:36Z,true
12831,120000,260,2025-02-06T13:57:31Z,true
12831,114000,255,2025-02-06T13:54:56Z,false
12831,118000,240,2025-02-06T13:54:52Z,true
12831,122000,250,2025-02-06T13:38:19Z,true
12831,115000,275,2025-02-06T13:34:41Z,true
12831,115000,275,2025-02-06T13:32:29Z,true
12831,108000,285,2025-02-06T13:29:17Z,false
12831,112000,275,2025-02-06T13:26:24Z,false
12831,132000,270,2025-02-06T13:21:44Z,true
12831,118000,265,2025-02-06T13:20:57Z,false
12831,112000,265,2025-02-06T13:18:21Z,false
12831,117000,255,2025-02-06T13:17:26Z,true
12831,119000,260,2025-02-06T13:15:28Z,true
12831,117000,295,2025-02-06T13:01:37Z,false
12831,132000,270,2025-02-06T13:00:27Z,true
12831,115000,270,2025-02-06T12:58:25Z,true
12831,132000,270,2025-02-06T12:57:30Z,true
12831,112000,260,2025-02-06T12:55:38Z,false
12831,115000,275,2025-02-06T12:50:16Z,true
12831,115000,275,2025-02-06T12:49:31Z,true
12831,109000,285,2025-02-06T12:46:34Z,true
12831,115000,275,2025-02-06T12:38:22Z,true
12831,111000,275,2025-02-06T12:32:35Z,false
12831,109000,285,2025-02-06T12:30:48Z,true
12831,128000,280,2025-02-06T12:29:45Z,true
12831,128000,265,2025-02-06T12:28:07Z,true
12831,107000,285,2025-02-06T12:22:00Z,false
12831,119000,260,2025-02-06T12:20:57Z,true
12831,119000,270,2025-02-06T12:10:52Z,false
12831,117000,265,2025-02-06T12:08:51Z,false
12831,116000,260,2025-02-06T12:06:20Z,false
12831,111000,275,2025-02-06T12:06:20Z,false
12831,117000,255,2025-02-06T12:03:30Z,true
12831,119000,250,2025-02-06T12:01:28Z,false
12831,132000,270,2025-02-06T11:59:22Z,true
12831,122000,250,2025-02-06T11:51:48Z,true
12831,118000,270,2025-02-06T11:49:08Z,false
12831,121000,250,2025-02-06T11:44:15Z,true
12831,109000,275,2025-02-06T11:42:55Z,false
12831,117000,270,2025-02-06T11:41:02Z,false
12831,116000,265,2025-02-06T11:38:58Z,false
12831,108000,285,2025-02-06T11:36:36Z,true
12831,109000,260,2025-02-06T11:35:19Z,true
12831,121000,260,2025-02-06T11:34:09Z,true
12831,118000,270,2025-02-06T11:28:06Z,false
12831,129000,265,2025-02-06T11:27:41Z,true
12831,122000,250,2025-02-06T11:25:36Z,true
12831,118000,270,2025-02-06T11:25:25Z,false
12831,118000,260,2025-02-06T11:20:25Z,false
12831,108000,285,2025-02-06T11:17:44Z,true
12831,118000,295,2025-02-06T11:16:24Z,true
12831,111000,275,2025-02-06T11:06:25Z,false
12831,115000,275,2025-02-06T10:59:06Z,true
12831,118000,260,2025-02-06T10:50:01Z,false
12831,108000,285,2025-02-06T10:48:40Z,true
12831,120000,255,2025-02-06T10:44:48Z,true
12831,121000,260,2025-02-06T10:38:32Z,true
12831,118000,270,2025-02-06T10:37:24Z,false
12831,118000,270,2025-02-06T10:36:11Z,false
12831,133000,270,2025-02-06T10:34:04Z,true
12831,129000,265,2025-02-06T10:33:40Z,true
12831,120000,255,2025-02-06T10:32:43Z,true
12831,119000,255,2025-02-06T10:29:34Z,true
12831,121000,260,2025-02-06T10:28:37Z,true
12831,118000,270,2025-02-06T10:28:16Z,false
12831,121000,260,2025-02-06T10:27:03Z,true
12831,108000,285,2025-02-06T10:26:40Z,true
12831,111000,275,2025-02-06T10:19:58Z,false
12831,109000,300,2025-02-06T10:18:46Z,true
12831,107000,260,2025-02-06T10:16:40Z,false
12831,109000,260,2025-02-06T10:15:51Z,false
12831,111000,265,2025-02-06T10:14:51Z,false
12831,118000,270,2025-02-06T10:13:05Z,false
12831,108000,285,2025-02-06T10:07:47Z,true
12831,108000,290,2025-02-06T10:05:08Z,true
12831,111000,275,2025-02-06T10:05:06Z,false
12831,128000,280,2025-02-06T10:03:31Z,true
12831,106000,290,2025-02-06T10:00:46Z,false
12831,111000,275,2025-02-06T09:58:20Z,false
12831,118000,265,2025-02-06T09:55:33Z,true
12831,116000,270,2025-02-06T09:55:18Z,false
12831,132000,270,2025-02-06T09:48:11Z,true
12831,111000,275,2025-02-06T09:47:47Z,false
12831,112000,275,2025-02-06T09:46:27Z,false
12831,111000,275,2025-02-06T09:46:01Z,false
12831,112000,260,2025-02-06T09:38:11Z,true
12831,111000,260,2025-02-06T09:38:00Z,false
12831,110000,255,2025-02-06T09:35:44Z,true
12831,111000,275,2025-02-06T09:35:41Z,false
12831,108000,285,2025-02-06T09:34:46Z,true
12831,121000,260,2025-02-06T09:32:11Z,true
12831,132000,270,2025-02-06T09:26:28Z,true
12831,111000,275,2025-02-06T09:25:17Z,false
12831,113000,270,2025-02-06T09:23:38Z,true
12831,117000,270,2025-02-06T09:21:05Z,false
12831,119000,255,2025-02-06T09:19:55Z,true
12831,116000,270,2025-02-06T09:19:30Z,false
12831,115000,275,2025-02-06T09:18:03Z,true
12831,132000,270,2025-02-06T09:14:15Z,true
12831,108000,285,2025-02-06T09:13:45Z,true
12831,114000,280,2025-02-06T09:10:04Z,false
12831,111000,275,2025-02-06T09:06:34Z,false
12831,109000,260,2025-02-06T09:06:07Z,true
12831,111000,275,2025-02-06T09:06:01Z,false
12831,121000,260,2025-02-06T09:05:38Z,true
12831,111000,275,2025-02-06T09:02:34Z,false
12831,109000,250,2025-02-06T08:54:05Z,true
12831,112000,260,2025-02-06T08:52:30Z,false
12831,115000,275,2025-02-06T08:52:18Z,true
12831,108000,260,2025-02-06T08:45:12Z,true
12831,111000,260,2025-02-06T08:37:53Z,false
12831,119000,250,2025-02-06T08:37:50Z,false
12831,108000,285,2025-02-06T08:36:17Z,true
12831,114000,280,2025-02-06T08:35:15Z,false
12831,108000,260,2025-02-06T08:34:33Z,true
12831,115000,275,2025-02-06T08:33:31Z,true
12831,129000,265,2025-02-06T08:33:15Z,true
12831,132000,270,2025-02-06T08:31:09Z,true
12831,131000,270,2025-02-06T08:17:40Z,true
12831,109000,275,2025-02-06T08:14:38Z,false
12831,109000,275,2025-02-06T08:14:15Z,false
12831,109000,275,2025-02-06T08:10:09Z,false
12831,109000,275,2025-02-06T08:09:43Z,false
12831,108000,275,2025-02-06T08:09:06Z,false
12831,108000,275,2025-02-06T08:08:41Z,false
12831,130000,270,2025-02-06T08:08:26Z,true
12831,108000,275,2025-02-06T08:08:17Z,false
12831,118000,265,2025-02-06T08:07:34Z,false
12831,112000,270,2025-02-06T08:07:34Z,false
12831,112000,270,2025-02-06T08:07:16Z,false
12831,128000,280,2025-02-06T08:05:28Z,true
12831,108000,275,2025-02-06T08:02:59Z,false
12831,119000,255,2025-02-06T07:59:50Z,true
12831,114000,275,2025-02-06T07:53:49Z,true
12831,131000,270,2025-02-06T07:48:23Z,true
12831,128000,265,2025-02-06T07:48:12Z,true
12831,115000,275,2025-02-06T07:46:55Z,true
12831,118000,270,2025-02-06T07:44:30Z,false
12831,115000,280,2025-02-06T07:34:23Z,false
12831,127000,265,2025-02-06T07:30:58Z,true
12831,115000,280,2025-02-06T07:27:51Z,false
12831,115000,280,2025-02-06T07:24:59Z,false
12831,108000,285,2025-02-06T07:16:11Z,false
12831,108000,285,2025-02-06T07:12:47Z,true
12831,109000,255,2025-02-06T07:02:32Z,true
12831,112000,275,2025-02-06T07:00:19Z,false
12831,99000,300,2025-02-06T06:52:48Z,false
12831,119000,265,2025-02-06T06:48:55Z,false
12831,119000,265,2025-02-06T06:48:37Z,false
12831,111000,270,2025-02-06T06:47:35Z,false
12831,110000,275,2025-02-06T06:47:17Z,true
12831,127000,265,2025-02-06T06:40:35Z,true
12831,107000,285,2025-02-06T06:38:27Z,false
12831,114000,280,2025-02-06T06:36:21Z,false
12831,109000,275,2025-02-06T06:36:07Z,true
12831,127000,265,2025-02-06T06:33:13Z,true
12831,116000,270,2025-02-06T06:28:53Z,false
12831,127000,265,2025-02-06T06:25:10Z,true
12831,108000,285,2025-02-06T06:19:02Z,true
12831,116000,270,2025-02-06T06:13:10Z,false
12831,115000,275,2025-02-06T06:12:03Z,true
12831,127000,265,2025-02-06T06:10:39Z,true
12831,121000,260,2025-02-06T06:06:57Z,true
12831,107000,285,2025-02-06T06:05:50Z,false
12831,113000,270,2025-02-06T06:02:14Z,false
12831,127000,265,2025-02-06T06:01:45Z,true
12831,119000,265,2025-02-06T05:59:13Z,false
12831,108000,260,2025-02-06T05:56:57Z,true
12831,119000,255,2025-02-06T05:51:42Z,true
12831,106000,285,2025-02-06T05:44:59Z,false
12831,119000,250,2025-02-06T05:43:10Z,false
12831,112000,275,2025-02-06T05:39:25Z,false
12831,127000,265,2025-02-06T05:37:48Z,true
12831,119000,255,2025-02-06T05:29:18Z,true
12831,110000,275,2025-02-06T05:25:45Z,false
12831,115000,255,2025-02-06T05:25:44Z,false
12831,121000,260,2025-02-06T05:22:05Z,true
12831,109000,275,2025-02-06T05:14:39Z,true
12831,119000,265,2025-02-06T05:12:04Z,false
12831,121000,260,2025-02-06T05:08:36Z,true
12831,110000,270,2025-02-06T04:56:47Z,true
12831,118000,265,2025-02-06T04:51:55Z,false
12831,114000,280,2025-02-06T04:50:48Z,false
12831,127000,265,2025-02-06T04:47:36Z,true
12831,127000,280,2025-02-06T04:38:45Z,true
12831,110000,270,2025-02-06T04:32:14Z,true
12831,114000,280,2025-02-06T04:31:43Z,false
12831,108000,290,2025-02-06T04:25:29Z,true
12831,115000,260,2025-02-06T04:25:28Z,false
12831,131000,270,2025-02-06T04:23:14Z,true
12831,108000,285,2025-02-06T04:22:48Z,true
12831,117000,265,2025-02-06T04:22:17Z,false
12831,115000,250,2025-02-06T04:16:52Z,true
12831,117000,265,2025-02-06T04:14:22Z,false
12831,110000,270,2025-02-06T04:14:14Z,true
12831,108000,285,2025-02-06T04:09:31Z,true
12831,122000,250,2025-02-06T03:59:23Z,true
12831,119000,250,2025-02-06T03:53:14Z,false
12831,115000,275,2025-02-06T03:35:47Z,true
12831,108000,285,2025-02-06T03:31:42Z,true
12831,108000,285,2025-02-06T03:28:07Z,true
12831,115000,265,2025-02-06T03:25:08Z,false
12831,131000,270,2025-02-06T03:14:19Z,true
12831,109000,275,2025-02-06T03:09:55Z,false
12831,108000,285,2025-02-06T03:09:11Z,true
12831,108000,285,2025-02-06T03:08:33Z,true
12831,107000,285,2025-02-06T03:08:05Z,true
12831,119000,265,2025-02-06T03:07:35Z,false
12831,107000,285,2025-02-06T03:06:08Z,true
12831,106000,285,2025-02-06T03:02:52Z,true
12831,121000,260,2025-02-06T03:01:37Z,true
12831,119000,250,2025-02-06T03:01:02Z,false
12831,114000,280,2025-02-06T02:54:02Z,false
12831,116000,275,2025-02-06T02:52:18Z,true
12831,127000,265,2025-02-06T02:49:30Z,true
12831,115000,275,2025-02-06T02:48:29Z,true
12831,110000,275,2025-02-06T02:47:21Z,true
12831,127000,265,2025-02-06T02:39:56Z,true
12831,118000,270,2025-02-06T02:36:17Z,false
12831,113000,280,2025-02-06T02:29:57Z,true
12831,126000,280,2025-02-06T02:29:33Z,true
12831,115000,255,2025-02-06T02:17:03Z,false
12831,116000,275,2025-02-06T02:13:59Z,true
12831,121000,250,2025-02-06T02:10:43Z,true
12831,118000,270,2025-02-06T02:09:24Z,false
12831,108000,260,2025-02-06T02:09:03Z,true
12831,119000,265,2025-02-06T02:08:02Z,false
12831,126000,245,2025-02-06T02:05:34Z,true
12831,119000,245,2025-02-06T01:59:36Z,true
12831,119000,265,2025-02-06T01:57:49Z,false
12831,113000,255,2025-02-06T01:54:27Z,false
12831,118000,265,2025-02-06T01:52:44Z,true
12831,117000,260,2025-02-06T01:45:47Z,false
12831,110000,270,2025-02-06T01:40:23Z,true
12831,107000,285,2025-02-06T01:38:56Z,true
12831,113000,255,2025-02-06T01:37:42Z,false
12831,109000,250,2025-02-06T01:36:32Z,false
12831,117000,260,2025-02-06T01:33:29Z,false
12831,121000,260,2025-02-06T01:28:51Z,true
12831,119000,265,2025-02-06T01:26:46Z,false
12831,134000,310,2025-02-06T01:22:04Z,true
12831,107000,290,2025-02-06T01:19:53Z,false
12831,118000,270,2025-02-06T01:19:21Z,false
12831,119000,255,2025-02-06T01:15:11Z,true
12831,116000,260,2025-02-06T01:12:55Z,false
12831,124000,245,2025-02-06T01:12:25Z,false
12831,120000,280,2025-02-06T01:09:07Z,true
12831,118000,270,2025-02-06T01:06:22Z,false
12831,119000,265,2025-02-06T01:01:06Z,false
12831,112000,255,2025-02-06T01:00:16Z,false
12831,119000,265,2025-02-06T00:59:46Z,false
12831,117000,270,2025-02-06T00:58:51Z,false
12831,114000,280,2025-02-06T00:48:34Z,false
12831,116000,270,2025-02-06T00:46:25Z,false
12831,116000,270,2025-02-06T00:45:44Z,false
12831,116000,270,2025-02-06T00:44:00Z,false
12831,116000,270,2025-02-06T00:43:14Z,false
12831,116000,270,2025-02-06T00:42:20Z,false
12831,122000,250,2025-02-06T00:41:54Z,true
12831,104000,285,2025-02-06T00:41:38Z,false
12831,116000,260,2025-02-06T00:40:42Z,false
12831,129000,265,2025-02-06T00:37:51Z,true
12831,116000,270,2025-02-06T00:37:41Z,false
12831,116000,270,2025-02-06T00:35:54Z,false
12831,121000,260,2025-02-06T00:32:35Z,true
12831,127000,240,2025-02-06T00:01:45Z,true
12831,110000,255,2025-02-05T23:50:19Z,true
12831,122000,250,2025-02-05T23:43:51Z,true
12831,116000,275,2025-02-05T23:29:24Z,true
12831,118000,295,2025-02-05T23:29:21Z,true
12831,121000,260,2025-02-05T23:11:15Z,true
12831,115000,270,2025-02-05T22:00:19Z,false
12831,117000,265,2025-02-05T21:44:04Z,false
12831,108000,275,2025-02-05T21:30:44Z,false
12831,128000,280,2025-02-05T21:01:27Z,true
12831,112000,255,2025-02-05T20:32:17Z,false
12831,122000,250,2025-02-05T20:13:44Z,true
12831,116000,275,2025-02-05T20:08:07Z,true
12831,107000,290,2025-02-05T19:39:03Z,false
12831,138000,240,2025-02-05T18:01:34Z,true
12831,106000,290,2025-02-05T17:52:30Z,false
12831,122000,250,2025-02-05T17:48:28Z,true
12831,113000,280,2025-02-05T17:33:17Z,false
12831,126000,265,2025-02-05T17:30:50Z,true
12831,133000,270,2025-02-05T17:24:15Z,true
12831,117000,265,2025-02-05T17:22:04Z,false
12831,126000,265,2025-02-05T16:55:10Z,true
12831,115000,270,2025-02-05T16:54:38Z,false
12831,111000,275,2025-02-05T16:51:17Z,false
12831,116000,275,2025-02-05T16:21:13Z,true
12831,117000,265,2025-02-05T16:20:21Z,false
12831,103000,285,2025-02-05T16:18:04Z,true
12831,110000,270,2025-02-05T16:14:48Z,true
12831,116000,275,2025-02-05T16:14:19Z,true
12831,119000,255,2025-02-05T16:02:09Z,true
12831,107000,285,2025-02-05T16:02:09Z,true
12831,116000,265,2025-02-05T15:59:38Z,false
12831,115000,260,2025-02-05T15:58:25Z,false
12831,122000,250,2025-02-05T15:55:00Z,true
12831,115000,270,2025-02-05T15:51:46Z,false
12831,111000,280,2025-02-05T15:48:41Z,false
12831,116000,275,2025-02-05T15:43:26Z,true
12831,115000,270,2025-02-05T15:39:35Z,false
12831,99000,300,2025-02-05T15:33:46Z,false
12831,115000,260,2025-02-05T15:33:39Z,false
12831,109000,260,2025-02-05T15:30:46Z,true
12831,123000,260,2025-02-05T15:30:40Z,true
12831,114000,270,2025-02-05T15:30:09Z,false
12831,113000,270,2025-02-05T15:20:33Z,false
12831,110000,280,2025-02-05T15:20:18Z,false
12831,118000,265,2025-02-05T15:16:50Z,false
12831,112000,280,2025-02-05T15:11:26Z,false
12831,116000,260,2025-02-05T15:08:44Z,false
12831,138000,240,2025-02-05T15:06:32Z,true
12831,112000,275,2025-02-05T14:56:46Z,false
12831,112000,260,2025-02-05T14:56:22Z,false
12831,113000,260,2025-02-05T14:51:35Z,false
12831,118000,265,2025-02-05T14:49:12Z,true
12831,119000,250,2025-02-05T14:47:53Z,true
12831,112000,275,2025-02-05T14:46:28Z,false
12831,108000,260,2025-02-05T14:45:29Z,true
12831,119000,265,2025-02-05T14:44:23Z,false
12831,115000,270,2025-02-05T14:37:04Z,false
12831,131000,270,2025-02-05T14:32:26Z,true
12831,131000,270,2025-02-05T14:28:46Z,true
12831,117000,260,2025-02-05T14:22:15Z,true
12831,131000,265,2025-02-05T14:18:38Z,true
12831,110000,270,2025-02-05T14:17:01Z,true
12831,117000,260,2025-02-05T14:12:25Z,true
12831,108000,260,2025-02-05T14:09:23Z,true
12831,116000,275,2025-02-05T14:08:15Z,true
12831,112000,275,2025-02-05T14:08:02Z,false
12831,112000,255,2025-02-05T14:07:09Z,false
12831,116000,275,2025-02-05T14:06:49Z,true
12831,111000,275,2025-02-05T14:05:45Z,false
12831,115000,270,2025-02-05T14:04:33Z,false
12831,111000,275,2025-02-05T14:03:56Z,false
12831,116000,270,2025-02-05T13:55:48Z,false
12831,115000,270,2025-02-05T13:49:46Z,false
12831,115000,270,2025-02-05T13:48:24Z,false
12831,118000,265,2025-02-05T13:47:16Z,false
12831,109000,275,2025-02-05T13:45:06Z,true
12831,114000,280,2025-02-05T13:44:58Z,false
12831,116000,275,2025-02-05T13:39:28Z,true
12831,130000,270,2025-02-05T13:37:40Z,true
12831,130000,270,2025-02-05T13:32:08Z,true
12831,127000,245,2025-02-05T13:28:37Z,true
12831,131000,265,2025-02-05T13:24:16Z,true
12831,108000,260,2025-02-05T13:22:23Z,true
12831,119000,265,2025-02-05T13:21:56Z,false
12831,107000,285,2025-02-05T13:21:41Z,true
12831,120000,265,2025-02-05T13:16:52Z,false
12831,113000,280,2025-02-05T13:14:25Z,false
12831,108000,260,2025-02-05T13:14:10Z,true
12831,119000,255,2025-02-05T13:11:54Z,true
12831,120000,265,2025-02-05T13:05:18Z,false
12831,115000,270,2025-02-05T13:01:55Z,false
12831,118000,265,2025-02-05T12:59:51Z,true
12831,135000,240,2025-02-05T12:58:49Z,false
12831,130000,270,2025-02-05T12:51:25Z,true
12831,130000,270,2025-02-05T12:50:59Z,true
12831,113000,270,2025-02-05T12:49:44Z,true
12831,118000,260,2025-02-05T12:43:40Z,false
12831,118000,260,2025-02-05T12:42:47Z,false
12831,120000,265,2025-02-05T12:42:34Z,false
12831,120000,265,2025-02-05T12:41:42Z,false
12831,118000,250,2025-02-05T12:39:13Z,false
12831,119000,265,2025-02-05T12:38:47Z,false
12831,105000,285,2025-02-05T12:37:29Z,false
12831,119000,255,2025-02-05T12:30:19Z,true
12831,115000,270,2025-02-05T12:29:23Z,false
12831,138000,240,2025-02-05T12:27:59Z,true
12831,104000,260,2025-02-05T12:22:03Z,true
12831,131000,265,2025-02-05T12:21:28Z,true
12831,120000,255,2025-02-05T12:20:29Z,true
12831,119000,265,2025-02-05T12:19:43Z,false
12831,109000,270,2025-02-05T12:19:00Z,true
12831,108000,285,2025-02-05T12:14:00Z,true
12831,126000,245,2025-02-05T12:11:18Z,true
12831,115000,270,2025-02-05T12:09:03Z,false
12831,119000,265,2025-02-05T12:08:52Z,false
12831,117000,260,2025-02-05T12:03:25Z,false
12831,125000,245,2025-02-05T12:02:40Z,false
12831,107000,285,2025-02-05T12:02:12Z,true
12831,118000,250,2025-02-05T11:58:27Z,true
12831,130000,265,2025-02-05T11:56:45Z,true
12831,104000,260,2025-02-05T11:55:29Z,true
12831,125000,245,2025-02-05T11:53:08Z,true
12831,119000,265,2025-02-05T11:52:44Z,false
12831,135000,240,2025-02-05T11:49:02Z,false
12831,130000,265,2025-02-05T11:45:17Z,true
12831,129000,270,2025-02-05T11:44:54Z,true
12831,118000,265,2025-02-05T11:43:05Z,false
12831,118000,265,2025-02-05T11:40:57Z,false
12831,107000,285,2025-02-05T11:40:39Z,true
12831,109000,300,2025-02-05T11:36:17Z,true
12831,117000,265,2025-02-05T11:33:12Z,true
12831,107000,285,2025-02-05T11:28:31Z,true
12831,113000,270,2025-02-05T11:22:35Z,true
12831,112000,275,2025-02-05T11:15:43Z,false
12831,119000,250,2025-02-05T11:13:54Z,false
12831,120000,255,2025-02-05T11:11:51Z,true
12831,115000,275,2025-02-05T11:11:16Z,true
12831,111000,270,2025-02-05T11:11:02Z,true
12831,108000,290,2025-02-05T11:10:20Z,true
12831,124000,260,2025-02-05T11:08:30Z,true
12831,129000,270,2025-02-05T11:05:34Z,true
12831,128000,280,2025-02-05T11:03:59Z,true
12831,115000,270,2025-02-05T10:56:35Z,false
12831,115000,270,2025-02-05T10:54:48Z,false
12831,107000,285,2025-02-05T10:49:37Z,true
12831,115000,275,2025-02-05T10:49:34Z,true
12831,129000,270,2025-02-05T10:45:31Z,true
12831,112000,280,2025-02-05T10:42:35Z,true
12831,115000,270,2025-02-05T10:42:07Z,false
12831,107000,290,2025-02-05T10:41:22Z,false
12831,120000,255,2025-02-05T10:40:32Z,true
12831,116000,275,2025-02-05T10:36:36Z,true
12831,131000,265,2025-02-05T10:29:53Z,true
12831,116000,275,2025-02-05T10:16:24Z,true
12831,114000,275,2025-02-05T10:16:02Z,false
12831,118000,260,2025-02-05T10:13:10Z,false
12831,119000,250,2025-02-05T10:10:47Z,false
12831,119000,250,2025-02-05T10:09:04Z,false
12831,117000,265,2025-02-05T10:05:53Z,true
12831,118000,265,2025-02-05T10:03:29Z,false
12831,131000,265,2025-02-05T10:00:15Z,true
12831,115000,270,2025-02-05T09:57:30Z,false
12831,108000,270,2025-02-05T09:57:08Z,true
12831,119000,255,2025-02-05T09:55:47Z,true
12831,118000,260,2025-02-05T09:54:54Z,false
12831,114000,280,2025-02-05T09:53:35Z,false
12831,113000,280,2025-02-05T09:50:04Z,false
12831,104000,260,2025-02-05T09:46:25Z,true
12831,104000,260,2025-02-05T09:44:12Z,true
12831,116000,275,2025-02-05T09:44:04Z,true
12831,113000,275,2025-02-05T09:40:14Z,false
12831,116000,275,2025-02-05T09:38:40Z,true
12831,137000,240,2025-02-05T09:36:14Z,true
12831,113000,280,2025-02-05T09:29:39Z,false
12831,114000,270,2025-02-05T09:27:45Z,false
12831,116000,275,2025-02-05T09:26:59Z,true
12831,107000,285,2025-02-05T09:17:35Z,true
12831,117000,265,2025-02-05T09:14:39Z,false
12831,113000,280,2025-02-05T09:14:36Z,false
12831,127000,245,2025-02-05T09:13:05Z,true
12831,117000,265,2025-02-05T09:04:54Z,false
12831,112000,280,2025-02-05T08:59:33Z,false
12831,112000,280,2025-02-05T08:53:04Z,false
12831,117000,260,2025-02-05T08:52:20Z,false
12831,113000,275,2025-02-05T08:51:24Z,false
12831,129000,270,2025-02-05T08:34:36Z,true
12831,107000,285,2025-02-05T08:32:18Z,true
12831,108000,260,2025-02-05T08:20:18Z,true
12831,114000,275,2025-02-05T08:19:49Z,false
12831,105000,285,2025-02-05T08:05:32Z,false
12831,116000,275,2025-02-05T08:02:24Z,true
12831,118000,260,2025-02-05T08:01:11Z,false
12831,129000,270,2025-02-05T07:59:58Z,true
12831,113000,275,2025-02-05T07:59:09Z,false
12831,118000,260,2025-02-05T07:59:04Z,false
12831,115000,270,2025-02-05T07:46:05Z,false
12831,114000,280,2025-02-05T07:34:37Z,false
12831,118000,260,2025-02-05T07:29:44Z,false
12831,114000,280,2025-02-05T07:27:29Z,false
12831,114000,280,2025-02-05T07:26:18Z,false
12831,125000,260,2025-02-05T07:25:48Z,true
12831,114000,260,2025-02-05T07:24:53Z,true
12831,119000,265,2025-02-05T07:24:46Z,false
12831,116000,260,2025-02-05T07:16:21Z,true
12831,109000,255,2025-02-05T07:16:17Z,true
12831,105000,285,2025-02-05T07:15:40Z,true
12831,119000,265,2025-02-05T07:15:35Z,false
12831,119000,255,2025-02-05T07:10:47Z,true
12831,108000,260,2025-02-05T07:09:44Z,true
12831,120000,290,2025-02-05T07:08:06Z,true
12831,115000,270,2025-02-05T07:07:21Z,false
12831,127000,270,2025-02-05T07:03:54Z,true
12831,128000,280,2025-02-05T07:01:47Z,true
12831,119000,265,2025-02-05T06:57:07Z,false
12831,119000,265,2025-02-05T06:56:48Z,false
12831,118000,265,2025-02-05T06:56:13Z,false
12831,125000,260,2025-02-05T06:47:47Z,true
12831,118000,260,2025-02-05T06:44:48Z,false
12831,113000,270,2025-02-05T06:44:42Z,false
12831,109000,275,2025-02-05T06:41:20Z,true
12831,125000,260,2025-02-05T06:40:54Z,true
12831,107000,260,2025-02-05T06:37:54Z,true
12831,114000,280,2025-02-05T06:37:49Z,false
12831,107000,260,2025-02-05T06:35:39Z,true
12831,107000,260,2025-02-05T06:34:43Z,true
12831,118000,265,2025-02-05T06:32:19Z,false
12831,106000,285,2025-02-05T06:28:27Z,true
12831,116000,275,2025-02-05T06:15:21Z,true
12831,115000,270,2025-02-05T06:10:54Z,false
12831,119000,250,2025-02-05T06:04:10Z,false
12831,118000,260,2025-02-05T06:02:13Z,false
12831,117000,295,2025-02-05T05:55:11Z,false
12831,115000,275,2025-02-05T05:51:50Z,true
12831,128000,280,2025-02-05T05:51:37Z,true
12831,109000,275,2025-02-05T05:48:40Z,true
12831,126000,270,2025-02-05T05:43:40Z,true
12831,118000,265,2025-02-05T05:41:27Z,true
12831,116000,265,2025-02-05T05:40:46Z,false
12831,110000,255,2025-02-05T05:36:03Z,true
12831,115000,255,2025-02-05T05:31:35Z,false
12831,128000,280,2025-02-05T05:24:28Z,true
12831,115000,270,2025-02-05T05:23:49Z,false
12831,119000,255,2025-02-05T05:23:45Z,true
12831,127000,280,2025-02-05T05:21:35Z,true
12831,125000,260,2025-02-05T05:15:25Z,true
12831,118000,260,2025-02-05T05:14:48Z,false
12831,114000,275,2025-02-05T05:10:01Z,false
12831,117000,265,2025-02-05T05:05:31Z,false
12831,109000,270,2025-02-05T04:58:41Z,true
12831,114000,280,2025-02-05T04:57:04Z,false
12831,137000,240,2025-02-05T04:51:42Z,true
12831,115000,255,2025-02-05T04:47:48Z,false
12831,120000,250,2025-02-05T04:44:43Z,true
12831,111000,275,2025-02-05T04:42:24Z,false
12831,110000,270,2025-02-05T04:41:40Z,true
12831,117000,260,2025-02-05T04:37:01Z,false
12831,107000,285,2025-02-05T04:36:38Z,true
12831,115000,270,2025-02-05T04:33:12Z,false
12831,115000,270,2025-02-05T04:25:10Z,false
12831,126000,260,2025-02-05T04:20:27Z,true
12831,125000,260,2025-02-05T04:19:05Z,true
12831,124000,260,2025-02-05T04:18:36Z,true
12831,127000,270,2025-02-05T04:17:27Z,true
12831,116000,275,2025-02-05T04:17:27Z,true
12831,119000,250,2025-02-05T04:15:52Z,true
12831,126000,270,2025-02-05T04:12:04Z,true
12831,118000,260,2025-02-05T04:10:35Z,false
12831,126000,270,2025-02-05T04:08:34Z,true
12831,115000,270,2025-02-05T04:02:15Z,false
12831,118000,240,2025-02-05T03:54:22Z,true
12831,125000,270,2025-02-05T03:53:04Z,true
12831,108000,255,2025-02-05T03:51:21Z,true
12831,102000,285,2025-02-05T03:49:19Z,true
12831,115000,270,2025-02-05T03:44:03Z,false
12831,131000,265,2025-02-05T03:43:38Z,true
12831,114000,270,2025-02-05T03:40:30Z,false
12831,123000,260,2025-02-05T03:39:36Z,true
12831,117000,265,2025-02-05T03:39:23Z,false
12831,123000,260,2025-02-05T03:34:44Z,true
12831,107000,285,2025-02-05T03:32:37Z,true
12831,118000,260,2025-02-05T03:31:55Z,false
12831,108000,260,2025-02-05T03:16:41Z,true
12831,119000,290,2025-02-05T03:15:36Z,true
12831,110000,270,2025-02-05T03:12:28Z,true
12831,116000,255,2025-02-05T03:08:59Z,false
12831,109000,300,2025-02-05T03:03:32Z,true
12831,125000,270,2025-02-05T02:58:32Z,true
12831,117000,260,2025-02-05T02:45:33Z,false
12831,116000,255,2025-02-05T02:41:07Z,false
12831,117000,260,2025-02-04T17:17:31Z,false
12831,110000,260,2025-02-04T17:07:11Z,true
12831,113000,280,2025-02-04T17:00:00Z,false
12831,110000,290,2025-02-04T16:51:15Z,true
12831,119000,265,2025-02-04T16:49:30Z,false
12831,117000,260,2025-02-04T16:49:29Z,false
12831,124000,250,2025-02-04T16:48:55Z,true
12831,115000,270,2025-02-04T16:34:52Z,false
12831,130000,265,2025-02-04T16:34:05Z,true
12831,116000,275,2025-02-04T16:17:42Z,true
12831,106000,285,2025-02-04T16:14:37Z,false
12831,125000,280,2025-02-04T16:09:37Z,true
12831,112000,270,2025-02-04T16:08:49Z,true
12831,117000,275,2025-02-04T16:01:58Z,true
12831,113000,295,2025-02-04T16:01:09Z,false
12831,113000,295,2025-02-04T16:00:19Z,false
12831,104000,300,2025-02-04T15:57:22Z,false
12831,120000,255,2025-02-04T15:56:09Z,true
12831,103000,300,2025-02-04T15:54:54Z,false
12831,103000,300,2025-02-04T15:54:02Z,false
12831,110000,255,2025-02-04T15:51:36Z,true
12831,111000,310,2025-02-04T15:51:27Z,false
12831,114000,270,2025-02-04T15:50:33Z,false
12831,110000,310,2025-02-04T15:48:15Z,false
12831,127000,270,2025-02-04T15:46:21Z,true
12831,120000,265,2025-02-04T15:41:33Z,true
12831,120000,255,2025-02-04T15:39:09Z,true
12831,120000,255,2025-02-04T15:37:21Z,true
12831,111000,275,2025-02-04T15:34:20Z,false
12831,138000,240,2025-02-04T15:28:03Z,true
12831,109000,270,2025-02-04T15:27:01Z,true
12831,124000,280,2025-02-04T15:21:48Z,true
12831,112000,280,2025-02-04T15:21:39Z,false
12831,116000,260,2025-02-04T15:18:40Z,false
12831,120000,255,2025-02-04T15:17:00Z,true
12831,119000,255,2025-02-04T15:11:53Z,true
12831,119000,265,2025-02-04T15:09:23Z,false
12831,117000,275,2025-02-04T15:05:20Z,true
12831,116000,260,2025-02-04T15:05:17Z,false
12831,107000,285,2025-02-04T15:04:19Z,true
12831,113000,255,2025-02-04T15:01:02Z,false
12831,119000,265,2025-02-04T14:58:18Z,false
12831,119000,255,2025-02-04T14:51:44Z,true
12831,110000,280,2025-02-04T14:46:05Z,true
12831,127000,270,2025-02-04T14:42:27Z,true
12831,119000,265,2025-02-04T14:42:22Z,false
12831,116000,260,2025-02-04T14:41:10Z,false
12831,119000,265,2025-02-04T14:38:21Z,false
12831,118000,265,2025-02-04T14:28:58Z,false
12831,116000,270,2025-02-04T14:28:48Z,false
12831,126000,270,2025-02-04T14:26:58Z,true
12831,115000,270,2025-02-04T14:20:16Z,false
12831,105000,285,2025-02-04T14:18:51Z,false
12831,113000,275,2025-02-04T14:17:45Z,false
12831,125000,270,2025-02-04T14:16:44Z,true
12831,125000,270,2025-02-04T14:14:44Z,true
12831,129000,260,2025-02-04T14:12:22Z,true
12831,119000,255,2025-02-04T14:11:55Z,true
12831,138000,240,2025-02-04T14:11:29Z,true
12831,116000,270,2025-02-04T14:10:01Z,false
12831,125000,270,2025-02-04T14:09:17Z,true
12831,130000,265,2025-02-04T14:07:13Z,true
12831,113000,280,2025-02-04T14:07:04Z,false
12831,117000,275,2025-02-04T14:06:58Z,true
12831,115000,270,2025-02-04T14:04:59Z,false
12831,112000,280,2025-02-04T14:03:14Z,false
12831,129000,260,2025-02-04T14:03:13Z,true
12831,116000,260,2025-02-04T13:55:19Z,false
12831,124000,270,2025-02-04T13:52:24Z,true
12831,111000,280,2025-02-04T13:52:08Z,false
12831,111000,300,2025-02-04T13:51:13Z,true
12831,115000,270,2025-02-04T13:50:49Z,false
12831,127000,245,2025-02-04T13:49:51Z,true
12831,108000,285,2025-02-04T13:48:59Z,true
12831,118000,265,2025-02-04T13:45:38Z,false
12831,113000,275,2025-02-04T13:45:33Z,false
12831,107000,255,2025-02-04T13:40:17Z,true
12831,112000,255,2025-02-04T13:40:09Z,false
12831,119000,255,2025-02-04T13:38:56Z,true
12831,110000,310,2025-02-04T13:37:50Z,false
12831,113000,280,2025-02-04T13:32:17Z,true
12831,111000,270,2025-02-04T13:30:56Z,true
12831,110000,250,2025-02-04T13:29:59Z,false
12831,118000,250,2025-02-04T13:26:41Z,false
12831,112000,275,2025-02-04T13:24:28Z,false
12831,108000,285,2025-02-04T13:22:32Z,true
12831,108000,285,2025-02-04T13:17:55Z,true
12831,119000,255,2025-02-04T13:17:33Z,true
12831,118000,265,2025-02-04T13:16:53Z,false
12831,116000,270,2025-02-04T13:15:38Z,false
12831,115000,260,2025-02-04T13:15:02Z,false
12831,109000,265,2025-02-04T13:12:20Z,true
12831,108000,285,2025-02-04T13:11:56Z,true
12831,120000,245,2025-02-04T13:10:03Z,false
12831,111000,275,2025-02-04T13:09:41Z,false
12831,115000,270,2025-02-04T13:05:50Z,false
12831,115000,260,2025-02-04T13:01:50Z,false
12831,124000,270,2025-02-04T12:58:07Z,true
12831,115000,270,2025-02-04T12:56:41Z,false
12831,111000,280,2025-02-04T12:54:23Z,false
12831,111000,280,2025-02-04T12:54:23Z,false
12831,138000,240,2025-02-04T12:50:20Z,true
12831,114000,275,2025-02-04T12:48:44Z,true
12831,109000,260,2025-02-04T12:48:07Z,true
12831,106000,285,2025-02-04T12:46:45Z,false
12831,107000,260,2025-02-04T12:46:21Z,true
12831,115000,270,2025-02-04T12:39:22Z,false
12831,130000,265,2025-02-04T12:39:16Z,true
12831,111000,255,2025-02-04T12:37:15Z,false
12831,120000,280,2025-02-04T12:36:28Z,true
12831,112000,280,2025-02-04T12:35:52Z,false
12831,119000,265,2025-02-04T12:33:45Z,false
12831,112000,295,2025-02-04T12:31:37Z,false
12831,114000,260,2025-02-04T12:30:34Z,false
12831,126000,270,2025-02-04T12:30:22Z,true
12831,119000,265,2025-02-04T12:25:39Z,false
12831,127000,270,2025-02-04T12:25:23Z,true
12831,126000,270,2025-02-04T12:24:09Z,true
12831,119000,265,2025-02-04T12:23:52Z,false
12831,115000,270,2025-02-04T12:20:39Z,false
12831,110000,265,2025-02-04T12:16:39Z,true
12831,115000,270,2025-02-04T12:12:03Z,false
12831,113000,275,2025-02-04T12:11:31Z,false
12831,117000,275,2025-02-04T12:09:38Z,true
12831,118000,265,2025-02-04T12:08:29Z,false
12831,114000,270,2025-02-04T12:06:42Z,false
12831,111000,280,2025-02-04T12:02:43Z,false
12831,112000,275,2025-02-04T11:59:29Z,false
12831,111000,280,2025-02-04T11:58:42Z,false
12831,117000,275,2025-02-04T11:55:34Z,true
12831,117000,275,2025-02-04T11:53:07Z,true
12831,118000,265,2025-02-04T11:50:27Z,false
12831,115000,270,2025-02-04T11:48:47Z,false
12831,117000,275,2025-02-04T11:37:46Z,true
12831,118000,265,2025-02-04T11:35:47Z,false
12831,115000,270,2025-02-04T11:34:49Z,false
12831,114000,260,2025-02-04T11:34:39Z,false
12831,115000,270,2025-02-04T11:34:28Z,false
12831,108000,260,2025-02-04T11:31:45Z,true
12831,108000,260,2025-02-04T11:30:20Z,true
12831,125000,250,2025-02-04T11:26:40Z,true
12831,117000,275,2025-02-04T11:26:06Z,true
12831,110000,280,2025-02-04T11:24:22Z,false
12831,114000,270,2025-02-04T11:19:34Z,false
12831,120000,280,2025-02-04T11:16:18Z,true
12831,113000,275,2025-02-04T11:13:43Z,false
12831,117000,275,2025-02-04T11:12:35Z,true
12831,113000,270,2025-02-04T11:10:47Z,false
12831,129000,265,2025-02-04T11:05:29Z,true
12831,121000,280,2025-02-04T11:03:22Z,true
12831,109000,280,2025-02-04T11:01:54Z,false
12831,112000,275,2025-02-04T10:59:07Z,false
12831,117000,275,2025-02-04T10:57:00Z,true
12831,117000,250,2025-02-04T10:56:11Z,false
12831,108000,285,2025-02-04T10:54:50Z,true
12831,111000,275,2025-02-04T10:54:41Z,false
12831,129000,265,2025-02-04T10:53:27Z,true
12831,117000,265,2025-02-04T10:52:42Z,false
12831,110000,275,2025-02-04T10:50:43Z,false
12831,108000,280,2025-02-04T10:50:26Z,false
12831,116000,265,2025-02-04T10:48:57Z,false
12831,116000,250,2025-02-04T10:48:50Z,false
12831,117000,275,2025-02-04T10:42:58Z,true
12831,108000,285,2025-02-04T10:36:04Z,true
12831,117000,275,2025-02-04T10:35:45Z,true
12831,113000,270,2025-02-04T10:34:54Z,false
12831,108000,275,2025-02-04T10:34:44Z,true
12831,114000,270,2025-02-04T10:31:38Z,false
12831,117000,275,2025-02-04T10:30:01Z,true
12831,127000,270,2025-02-04T10:27:16Z,true
12831,118000,265,2025-02-04T10:25:01Z,false
12831,102000,285,2025-02-04T10:24:36Z,true
12831,111000,275,2025-02-04T10:21:23Z,false
12831,107000,290,2025-02-04T10:21:08Z,false
12831,131000,265,2025-02-04T10:15:09Z,true
12831,128000,245,2025-02-04T10:13:44Z,true
12831,114000,270,2025-02-04T10:13:06Z,false
12831,129000,270,2025-02-04T10:09:52Z,true
12831,117000,265,2025-02-04T10:08:08Z,false
12831,111000,255,2025-02-04T10:04:28Z,false
12831,125000,250,2025-02-04T09:59:57Z,true
12831,110000,275,2025-02-04T09:56:30Z,false
12831,111000,255,2025-02-04T09:56:07Z,false
12831,115000,270,2025-02-04T09:52:27Z,false
12831,121000,280,2025-02-04T09:46:08Z,true
12831,121000,280,2025-02-04T09:45:27Z,true
12831,111000,260,2025-02-04T09:45:15Z,true
12831,106000,280,2025-02-04T09:34:36Z,false
12831,117000,250,2025-02-04T09:33:16Z,false
12831,117000,250,2025-02-04T09:30:13Z,false
12831,108000,285,2025-02-04T09:27:30Z,true
12831,101000,300,2025-02-04T09:24:16Z,false
12831,114000,270,2025-02-04T09:21:14Z,false
12831,112000,270,2025-02-04T09:16:52Z,false
12831,116000,265,2025-02-04T09:15:03Z,false
12831,116000,265,2025-02-04T09:12:10Z,false
12831,122000,280,2025-02-04T09:09:59Z,true
12831,115000,265,2025-02-04T09:08:37Z,false
12831,123000,280,2025-02-04T09:05:13Z,true
12831,108000,280,2025-02-04T09:02:59Z,true
12831,108000,280,2025-02-04T09:00:32Z,true
12831,130000,260,2025-02-04T08:58:14Z,true
12831,115000,260,2025-02-04T08:57:05Z,false
12831,109000,280,2025-02-04T08:56:10Z,false
12831,107000,280,2025-02-04T08:53:49Z,true
12831,132000,265,2025-02-04T08:52:00Z,true
12831,111000,270,2025-02-04T08:48:00Z,false
12831,110000,255,2025-02-04T08:46:10Z,false
12831,100000,300,2025-02-04T08:38:07Z,false
12831,116000,250,2025-02-04T08:34:51Z,false
12831,108000,280,2025-02-04T08:34:46Z,true
12831,115000,265,2025-02-04T08:34:07Z,false
12831,107000,285,2025-02-04T08:28:59Z,true
12831,108000,280,2025-02-04T08:24:14Z,false
12831,112000,270,2025-02-04T08:23:55Z,false
12831,133000,270,2025-02-04T08:20:15Z,true
12831,108000,255,2025-02-04T08:15:53Z,true
12831,125000,250,2025-02-04T08:15:24Z,true
12831,108000,280,2025-02-04T08:10:26Z,true
12831,109000,275,2025-02-04T08:10:12Z,false
12831,108000,280,2025-02-04T08:07:32Z,true
12831,106000,290,2025-02-04T08:05:59Z,false
12831,119000,280,2025-02-04T08:04:58Z,true
12831,111000,270,2025-02-04T08:02:55Z,false
12831,131000,270,2025-02-04T08:02:23Z,true
12831,108000,255,2025-02-04T08:02:19Z,false
12831,130000,260,2025-02-04T07:57:18Z,true
12831,131000,270,2025-02-04T07:52:54Z,true
12831,119000,275,2025-02-04T07:52:05Z,true
12831,108000,280,2025-02-04T07:47:49Z,false
12831,110000,255,2025-02-04T07:46:03Z,false
12831,101000,285,2025-02-04T07:40:30Z,true
12831,112000,270,2025-02-04T07:37:25Z,false
12831,135000,240,2025-02-04T07:30:33Z,false
12831,112000,270,2025-02-04T07:26:46Z,false
12831,108000,285,2025-02-04T07:26:23Z,true
12831,110000,255,2025-02-04T07:22:56Z,true
12831,112000,280,2025-02-04T07:21:47Z,true
12831,101000,300,2025-02-04T07:15:55Z,false
12831,106000,300,2025-02-04T07:12:46Z,true
12831,107000,285,2025-02-04T07:08:16Z,true
12831,107000,285,2025-02-04T07:04:03Z,true
12831,130000,260,2025-02-04T06:59:13Z,true
12831,118000,265,2025-02-04T06:58:26Z,false
12831,111000,300,2025-02-04T06:56:08Z,true
12831,107000,285,2025-02-04T06:54:23Z,false
12831,131000,270,2025-02-04T06:49:13Z,true
12831,119000,275,2025-02-04T06:43:33Z,true
12831,122000,280,2025-02-04T06:40:49Z,true
12831,119000,255,2025-02-04T06:39:48Z,true
12831,108000,260,2025-02-04T06:36:08Z,true
12831,124000,250,2025-02-04T06:34:10Z,true
12831,131000,270,2025-02-04T06:30:33Z,true
12831,107000,285,2025-02-04T06:28:24Z,true
12831,112000,270,2025-02-04T06:22:53Z,false
12831,118000,250,2025-02-04T06:13:49Z,true
12831,125000,250,2025-02-04T06:13:02Z,true
12831,111000,275,2025-02-04T06:12:51Z,false
12831,124000,250,2025-02-04T06:04:37Z,true
12831,110000,275,2025-02-04T06:01:15Z,true
12831,133000,265,2025-02-04T05:59:44Z,true
12831,111000,270,2025-02-04T05:58:07Z,true
12831,110000,260,2025-02-04T05:54:06Z,true
12831,129000,295,2025-02-04T05:48:03Z,true
12831,117000,250,2025-02-04T05:46:16Z,false
12831,114000,250,2025-02-04T05:41:40Z,false
12831,119000,275,2025-02-04T05:35:50Z,true
12831,106000,290,2025-02-04T05:30:08Z,false
12831,122000,280,2025-02-04T05:28:14Z,true
12831,111000,275,2025-02-04T05:26:53Z,false
12831,111000,275,2025-02-04T05:24:39Z,false
12831,112000,250,2025-02-04T05:11:58Z,false
12831,118000,265,2025-02-04T05:04:34Z,false
12831,115000,270,2025-02-04T05:02:09Z,false
12831,121000,280,2025-02-04T05:00:50Z,true
12831,111000,280,2025-02-04T05:00:29Z,false
12831,117000,265,2025-02-04T04:59:54Z,false
12831,110000,260,2025-02-04T04:59:37Z,true
12831,119000,255,2025-02-04T04:58:55Z,true
12831,120000,280,2025-02-04T04:57:44Z,true
12831,112000,255,2025-02-04T04:50:10Z,false
12831,110000,275,2025-02-04T04:47:17Z,true
12831,130000,265,2025-02-04T04:46:24Z,true
12831,111000,275,2025-02-04T04:44:36Z,false
12831,131000,270,2025-02-04T04:44:04Z,true
12831,111000,275,2025-02-04T04:37:17Z,false
12831,115000,270,2025-02-04T04:31:15Z,false
12831,114000,270,2025-02-04T04:25:49Z,false
12831,131000,270,2025-02-04T04:21:22Z,true
12831,130000,265,2025-02-04T04:17:02Z,true
12831,108000,260,2025-02-04T04:03:52Z,true
12831,109000,275,2025-02-04T04:02:40Z,true
12831,105000,290,2025-02-04T03:57:21Z,false
12831,118000,265,2025-02-04T03:55:47Z,false
12831,115000,270,2025-02-04T03:51:54Z,false
12831,114000,260,2025-02-04T03:50:21Z,false
12831,107000,260,2025-02-04T03:47:04Z,true
12831,115000,270,2025-02-04T03:43:27Z,false
12831,117000,265,2025-02-04T03:38:32Z,false
12831,119000,275,2025-02-04T03:38:10Z,true
12831,119000,265,2025-02-04T03:37:46Z,true
12831,110000,280,2025-02-04T03:37:31Z,false
12831,116000,265,2025-02-04T03:37:12Z,false
12831,119000,255,2025-02-04T03:32:53Z,true
12831,124000,250,2025-02-04T03:27:33Z,true
12831,111000,255,2025-02-04T03:26:24Z,false
12831,120000,280,2025-02-04T03:20:19Z,true
12831,138000,240,2025-02-04T03:15:46Z,true
12831,115000,260,2025-02-04T03:14:18Z,false
12831,115000,270,2025-02-04T03:10:54Z,false
12831,111000,275,2025-02-04T03:06:59Z,false
12831,115000,270,2025-02-04T03:06:01Z,false
12831,107000,285,2025-02-04T03:01:25Z,true
12831,110000,255,2025-02-04T03:00:56Z,true
12831,110000,280,2025-02-04T02:54:17Z,false
12831,110000,280,2025-02-04T02:53:54Z,false
12831,130000,270,2025-02-04T02:53:01Z,true
12831,112000,255,2025-02-04T02:50:26Z,false
12831,111000,300,2025-02-04T02:40:50Z,true
12831,119000,275,2025-02-04T02:35:33Z,true
12831,119000,275,2025-02-04T02:21:45Z,true
12831,116000,270,2025-02-04T02:19:39Z,false
12831,116000,270,2025-02-04T02:15:06Z,false
12831,119000,275,2025-02-04T02:13:21Z,true
12831,130000,270,2025-02-04T02:12:18Z,true
12831,114000,260,2025-02-04T02:11:37Z,false
12831,114000,260,2025-02-04T02:10:29Z,false
12831,110000,275,2025-02-04T02:09:25Z,false
12831,107000,285,2025-02-04T02:08:50Z,true
12831,130000,265,2025-02-04T02:08:04Z,true
12831,112000,295,2025-02-04T01:58:31Z,false
12831,109000,270,2025-02-04T01:43:17Z,true
12831,120000,280,2025-02-04T01:33:59Z,true
12831,131000,270,2025-02-04T01:33:35Z,true
12831,132000,260,2025-02-04T01:29:51Z,true
12831,113000,255,2025-02-04T01:29:25Z,false
12831,117000,265,2025-02-04T01:28:09Z,false
12831,116000,250,2025-02-04T01:27:06Z,false
12831,117000,265,2025-02-04T01:24:34Z,false
12831,120000,275,2025-02-04T01:24:25Z,true
12831,108000,260,2025-02-04T01:16:53Z,true
12831,117000,265,2025-02-04T01:13:22Z,false
12831,130000,270,2025-02-04T01:11:33Z,true
12831,116000,270,2025-02-04T01:11:06Z,false
12831,117000,265,2025-02-04T00:53:13Z,false
12831,111000,275,2025-02-04T00:48:43Z,true
12831,125000,250,2025-02-04T00:46:01Z,true
12831,117000,270,2025-02-04T00:33:09Z,false
12831,114000,260,2025-02-04T00:10:52Z,false
12831,112000,300,2025-02-04T00:06:36Z,true
12831,120000,255,2025-02-04T00:04:26Z,true
12831,128000,245,2025-02-04T00:03:15Z,true
12831,108000,285,2025-02-03T23:58:47Z,true
12831,122000,265,2025-02-03T23:53:28Z,true
12831,130000,270,2025-02-03T23:49:18Z,true
12831,109000,270,2025-02-03T23:43:23Z,true
12831,118000,275,2025-02-03T23:37:57Z,true
12831,117000,265,2025-02-03T23:33:06Z,false
12831,114000,255,2025-02-03T23:23:54Z,false
12831,117000,265,2025-02-03T23:19:16Z,false
12831,116000,250,2025-02-03T23:01:47Z,false
12831,116000,270,2025-02-03T22:54:47Z,false
12831,109000,280,2025-02-03T22:37:05Z,true
12831,111000,275,2025-02-03T22:36:16Z,false
12831,109000,270,2025-02-03T22:36:15Z,true
12831,115000,260,2025-02-03T21:59:17Z,false
12831,115000,270,2025-02-03T21:39:35Z,false
12831,108000,285,2025-02-03T21:14:49Z,true
12831,108000,290,2025-02-03T20:58:27Z,false
12831,116000,270,2025-02-03T20:39:49Z,false
12831,120000,275,2025-02-03T19:38:22Z,true
12831,116000,260,2025-02-03T19:35:33Z,false
12831,135000,265,2025-02-03T19:35:29Z,true
12831,129000,270,2025-02-03T19:12:28Z,true
12831,121000,265,2025-02-03T19:00:59Z,true
12831,118000,250,2025-02-03T18:51:25Z,true
12831,128000,270,2025-02-03T18:51:13Z,true
12831,110000,280,2025-02-03T18:44:26Z,true
12831,109000,260,2025-02-03T18:35:02Z,true
12831,128000,270,2025-02-03T18:33:46Z,true
12831,127000,270,2025-02-03T18:21:15Z,true
12831,116000,260,2025-02-03T18:14:28Z,false
12831,116000,270,2025-02-03T18:12:12Z,false
12831,115000,260,2025-02-03T18:05:02Z,false
12831,117000,265,2025-02-03T18:05:02Z,false
12831,112000,275,2025-02-03T17:59:23Z,false
12831,123000,280,2025-02-03T17:47:30Z,true
12831,112000,280,2025-02-03T17:34:39Z,false
12831,113000,275,2025-02-03T17:24:48Z,false
12831,111000,275,2025-02-03T17:10:43Z,false
12831,117000,270,2025-02-03T17:04:01Z,false
12831,115000,255,2025-02-03T16:59:24Z,false
12831,112000,275,2025-02-03T16:51:13Z,true
12831,111000,310,2025-02-03T16:42:40Z,false
12831,118000,290,2025-02-03T16:40:04Z,true
12831,115000,280,2025-02-03T16:35:30Z,true
12831,110000,275,2025-02-03T16:33:18Z,false
12831,129000,270,2025-02-03T16:28:39Z,true
12831,135000,240,2025-02-03T16:26:51Z,false
12831,130000,270,2025-02-03T16:23:56Z,true
12831,118000,265,2025-02-03T16:22:30Z,false
12831,109000,275,2025-02-03T16:11:26Z,false
12831,117000,270,2025-02-03T16:06:23Z,false
12831,109000,280,2025-02-03T16:05:33Z,true
12831,117000,270,2025-02-03T16:05:10Z,false
12831,117000,270,2025-02-03T16:02:49Z,false
12831,120000,255,2025-02-03T16:01:36Z,true
12831,116000,270,2025-02-03T16:00:51Z,false
12831,112000,280,2025-02-03T15:55:00Z,false
12831,117000,265,2025-02-03T15:49:43Z,false
12831,107000,290,2025-02-03T15:42:15Z,true
12831,118000,265,2025-02-03T15:42:05Z,false
12831,118000,265,2025-02-03T15:40:17Z,false
12831,120000,255,2025-02-03T15:31:11Z,true
12831,110000,275,2025-02-03T15:30:41Z,false
12831,116000,270,2025-02-03T15:24:23Z,false
12831,110000,275,2025-02-03T15:22:46Z,true
12831,114000,255,2025-02-03T15:12:54Z,false
12831,111000,275,2025-02-03T15:06:53Z,true
12831,109000,285,2025-02-03T14:58:19Z,true
12831,135000,240,2025-02-03T14:57:59Z,false
12831,118000,290,2025-02-03T14:56:33Z,true
12831,137000,265,2025-02-03T14:53:19Z,true
12831,118000,270,2025-02-03T14:52:19Z,false
12831,118000,270,2025-02-03T14:46:53Z,false
12831,133000,270,2025-02-03T14:42:18Z,true
12831,119000,265,2025-02-03T14:38:38Z,false
12831,119000,265,2025-02-03T14:33:49Z,false
12831,118000,265,2025-02-03T14:24:16Z,false
12831,118000,290,2025-02-03T14:24:10Z,true
12831,109000,285,2025-02-03T14:20:14Z,false
12831,117000,265,2025-02-03T14:16:15Z,false
12831,133000,270,2025-02-03T14:15:22Z,true
12831,120000,255,2025-02-03T14:12:13Z,true
12831,109000,280,2025-02-03T14:07:58Z,true
12831,125000,250,2025-02-03T14:05:51Z,true
12831,120000,275,2025-02-03T14:04:05Z,true
12831,138000,240,2025-02-03T14:02:03Z,true
12831,111000,265,2025-02-03T14:00:06Z,false
12831,120000,275,2025-02-03T13:58:13Z,true
12831,121000,265,2025-02-03T13:55:45Z,true
12831,130000,245,2025-02-03T13:52:22Z,true
12831,137000,265,2025-02-03T13:31:55Z,true
12831,112000,275,2025-02-03T13:30:31Z,false
12831,117000,260,2025-02-03T13:30:19Z,false
12831,120000,275,2025-02-03T13:28:49Z,true
12831,110000,270,2025-02-03T13:27:33Z,true
12831,125000,250,2025-02-03T13:24:00Z,true
12831,109000,275,2025-02-03T13:22:27Z,true
12831,142000,260,2025-02-03T13:22:17Z,true
12831,109000,270,2025-02-03T13:21:29Z,true
12831,120000,255,2025-02-03T13:19:37Z,true
12831,118000,275,2025-02-03T13:19:30Z,true
12831,119000,270,2025-02-03T13:19:06Z,false
12831,132000,270,2025-02-03T13:16:06Z,true
12831,118000,275,2025-02-03T13:15:59Z,true
12831,109000,270,2025-02-03T13:11:29Z,true
12831,121000,265,2025-02-03T13:10:17Z,true
12831,120000,255,2025-02-03T13:09:34Z,true
12831,117000,270,2025-02-03T12:59:28Z,false
12831,116000,270,2025-02-03T12:58:53Z,false
12831,118000,265,2025-02-03T12:58:35Z,false
12831,116000,270,2025-02-03T12:55:03Z,false
12831,110000,275,2025-02-03T12:50:51Z,true
12831,132000,270,2025-02-03T12:50:22Z,true
12831,130000,270,2025-02-03T12:48:53Z,true
12831,113000,280,2025-02-03T12:47:39Z,false
12831,129000,270,2025-02-03T12:44:38Z,true
12831,118000,275,2025-02-03T12:37:05Z,true
12831,120000,265,2025-02-03T12:35:05Z,true
12831,117000,275,2025-02-03T12:34:18Z,true
12831,112000,275,2025-02-03T12:32:45Z,false
12831,125000,250,2025-02-03T12:29:59Z,true
12831,110000,270,2025-02-03T12:25:30Z,true
12831,142000,260,2025-02-03T12:22:12Z,true
12831,108000,285,2025-02-03T12:21:26Z,true
12831,136000,265,2025-02-03T12:20:53Z,true
12831,108000,285,2025-02-03T12:18:25Z,true
12831,113000,280,2025-02-03T12:09:15Z,false
12831,115000,275,2025-02-03T12:07:45Z,true
12831,116000,270,2025-02-03T12:05:13Z,false
12831,109000,260,2025-02-03T12:03:36Z,true
12831,117000,260,2025-02-03T12:01:31Z,false
12831,129000,270,2025-02-03T12:00:02Z,true
12831,115000,275,2025-02-03T11:59:24Z,true
12831,130000,270,2025-02-03T11:52:53Z,true
12831,117000,250,2025-02-03T11:52:07Z,false
12831,113000,275,2025-02-03T11:49:03Z,true
12831,114000,275,2025-02-03T11:43:33Z,true
12831,113000,280,2025-02-03T11:43:09Z,true
12831,132000,270,2025-02-03T11:41:22Z,true
12831,132000,270,2025-02-03T11:40:30Z,true
12831,132000,270,2025-02-03T11:40:24Z,true
12831,132000,270,2025-02-03T11:38:03Z,true
12831,117000,260,2025-02-03T11:34:00Z,false
12831,114000,275,2025-02-03T11:30:28Z,true
12831,110000,270,2025-02-03T11:30:00Z,true
12831,131000,270,2025-02-03T11:29:58Z,true
12831,112000,280,2025-02-03T11:28:29Z,false
12831,130000,270,2025-02-03T11:27:56Z,true
12831,114000,275,2025-02-03T11:27:34Z,true
12831,111000,275,2025-02-03T11:24:48Z,true
12831,103000,300,2025-02-03T11:22:47Z,true
12831,116000,255,2025-02-03T11:13:18Z,false
12831,115000,270,2025-02-03T11:10:37Z,false
12831,108000,285,2025-02-03T11:10:18Z,true
12831,114000,275,2025-02-03T11:04:27Z,true
12831,117000,250,2025-02-03T11:02:46Z,false
12831,114000,275,2025-02-03T11:02:15Z,true
12831,115000,270,2025-02-03T10:56:40Z,false
12831,114000,275,2025-02-03T10:56:27Z,true
12831,112000,280,2025-02-03T10:49:33Z,false
12831,121000,280,2025-02-03T10:41:57Z,true
12831,108000,285,2025-02-03T10:40:51Z,true
12831,129000,270,2025-02-03T10:40:10Z,true
12831,129000,245,2025-02-03T10:32:50Z,true
12831,115000,265,2025-02-03T10:29:05Z,false
12831,114000,275,2025-02-03T10:28:32Z,true
12831,114000,275,2025-02-03T10:28:05Z,true
12831,116000,255,2025-02-03T10:25:14Z,false
12831,108000,285,2025-02-03T10:21:29Z,true
12831,136000,265,2025-02-03T10:19:58Z,true
12831,137000,240,2025-02-03T10:19:50Z,true
12831,129000,270,2025-02-03T10:14:55Z,true
12831,118000,265,2025-02-03T10:12:17Z,false
12831,128000,270,2025-02-03T10:06:41Z,true
12831,114000,275,2025-02-03T10:03:05Z,true
12831,114000,275,2025-02-03T10:01:09Z,true
12831,124000,250,2025-02-03T09:58:46Z,true
12831,112000,275,2025-02-03T09:56:30Z,false
12831,135000,240,2025-02-03T09:53:01Z,true
12831,115000,270,2025-02-03T09:51:12Z,false
12831,120000,255,2025-02-03T09:49:59Z,true
12831,117000,260,2025-02-03T09:47:54Z,false
12831,142000,260,2025-02-03T09:46:52Z,true
12831,120000,280,2025-02-03T09:45:57Z,true
12831,113000,275,2025-02-03T09:42:52Z,true
12831,111000,275,2025-02-03T09:39:08Z,false
12831,114000,275,2025-02-03T09:29:08Z,true
12831,117000,260,2025-02-03T09:28:03Z,false
12831,108000,285,2025-02-03T09:25:57Z,true
12831,113000,275,2025-02-03T09:22:38Z,true
12831,108000,285,2025-02-03T09:21:01Z,true
12831,113000,275,2025-02-03T09:20:34Z,true
12831,111000,275,2025-02-03T09:16:35Z,false
12831,109000,275,2025-02-03T09:15:40Z,false
12831,117000,260,2025-02-03T09:15:31Z,false
12831,116000,260,2025-02-03T09:14:28Z,false
12831,114000,275,2025-02-03T09:13:21Z,true
12831,134000,240,2025-02-03T09:13:02Z,true
12831,110000,260,2025-02-03T09:06:16Z,true
12831,127000,245,2025-02-03T09:03:14Z,false
12831,117000,260,2025-02-03T08:58:46Z,false
12831,117000,260,2025-02-03T08:57:01Z,false
12831,118000,265,2025-02-03T08:56:40Z,false
12831,114000,270,2025-02-03T08:56:13Z,false
12831,118000,265,2025-02-03T08:50:47Z,false
12831,130000,270,2025-02-03T08:49:52Z,true
12831,114000,275,2025-02-03T08:48:03Z,true
12831,117000,250,2025-02-03T08:46:40Z,false
12831,113000,275,2025-02-03T08:46:21Z,true
12831,130000,270,2025-02-03T08:46:13Z,true
12831,108000,285,2025-02-03T08:42:29Z,true
12831,119000,265,2025-02-03T08:41:10Z,false
12831,108000,285,2025-02-03T08:39:32Z,true
12831,103000,300,2025-02-03T08:38:29Z,true
12831,108000,260,2025-02-03T08:36:32Z,true
12831,114000,275,2025-02-03T08:35:27Z,true
12831,113000,270,2025-02-03T08:34:47Z,true
12831,119000,265,2025-02-03T08:33:13Z,false
12831,106000,275,2025-02-03T08:32:36Z,false
12831,117000,260,2025-02-03T08:29:32Z,false
12831,120000,255,2025-02-03T08:28:45Z,true
12831,134000,240,2025-02-03T08:25:56Z,true
12831,124000,250,2025-02-03T08:25:56Z,true
12831,113000,280,2025-02-03T08:25:39Z,false
12831,117000,260,2025-02-03T08:24:02Z,false
12831,117000,260,2025-02-03T08:23:45Z,false
12831,115000,270,2025-02-03T08:22:51Z,false
12831,114000,275,2025-02-03T08:19:31Z,true
12831,111000,295,2025-02-03T08:11:20Z,false
12831,115000,270,2025-02-03T08:09:25Z,false
12831,120000,280,2025-02-03T08:07:18Z,true
12831,117000,260,2025-02-03T08:07:02Z,false
12831,117000,260,2025-02-03T08:06:51Z,false
12831,111000,275,2025-02-03T08:05:53Z,false
12831,114000,275,2025-02-03T08:04:49Z,true
12831,111000,275,2025-02-03T08:01:33Z,false
12831,115000,270,2025-02-03T08:00:57Z,false
12831,111000,275,2025-02-03T08:00:45Z,false
12831,111000,275,2025-02-03T07:54:44Z,false
12831,108000,285,2025-02-03T07:53:03Z,true
12831,117000,265,2025-02-03T07:46:42Z,true
12831,114000,275,2025-02-03T07:43:45Z,true
12831,137000,265,2025-02-03T07:36:30Z,true
12831,118000,265,2025-02-03T07:36:30Z,false
12831,114000,280,2025-02-03T07:35:53Z,false
12831,112000,275,2025-02-03T07:30:14Z,false
12831,114000,275,2025-02-03T07:27:30Z,true
12831,118000,265,2025-02-03T07:26:27Z,false
12831,130000,270,2025-02-03T07:25:38Z,true
12831,115000,270,2025-02-03T07:25:11Z,false
12831,124000,250,2025-02-03T07:24:31Z,true
12831,116000,260,2025-02-03T07:22:58Z,false
12831,108000,285,2025-02-03T07:21:01Z,true
12831,116000,260,2025-02-03T07:13:01Z,false
12831,113000,280,2025-02-03T07:12:13Z,false
12831,115000,270,2025-02-03T07:11:10Z,false
12831,117000,260,2025-02-03T07:10:23Z,false
12831,113000,280,2025-02-03T07:08:53Z,false
12831,112000,280,2025-02-03T07:03:12Z,false
12831,115000,270,2025-02-03T07:02:24Z,false
12831,116000,260,2025-02-03T06:59:29Z,false
12831,116000,260,2025-02-03T06:57:21Z,false
12831,120000,245,2025-02-03T06:54:46Z,true
12831,127000,245,2025-02-03T06:53:46Z,false
12831,112000,275,2025-02-03T06:53:46Z,false
12831,120000,280,2025-02-03T06:50:07Z,true
12831,115000,270,2025-02-03T06:47:57Z,false
12831,119000,280,2025-02-03T06:41:03Z,true
12831,111000,275,2025-02-03T06:38:11Z,false
12831,111000,275,2025-02-03T06:37:26Z,false
12831,115000,270,2025-02-03T06:35:16Z,false
12831,119000,265,2025-02-03T06:31:49Z,false
12831,124000,250,2025-02-03T06:29:52Z,true
12831,108000,285,2025-02-03T06:29:32Z,true
12831,117000,260,2025-02-03T06:27:47Z,false
12831,110000,290,2025-02-03T06:24:00Z,false
12831,146000,260,2025-02-03T06:23:02Z,true
12831,112000,280,2025-02-03T06:22:51Z,false
12831,130000,270,2025-02-03T06:07:31Z,true
12831,114000,275,2025-02-03T06:06:31Z,true
12831,122000,245,2025-02-03T06:01:51Z,true
12831,129000,270,2025-02-03T06:01:43Z,true
12831,117000,290,2025-02-03T05:59:17Z,true
12831,114000,275,2025-02-03T05:58:53Z,true
12831,114000,275,2025-02-03T05:56:24Z,true
12831,133000,240,2025-02-03T05:54:27Z,false
12831,119000,255,2025-02-03T05:51:49Z,true
12831,119000,265,2025-02-03T05:51:06Z,false
12831,117000,250,2025-02-03T05:50:06Z,false
12831,115000,270,2025-02-03T05:47:36Z,false
12831,118000,265,2025-02-03T05:38:10Z,true
12831,129000,270,2025-02-03T05:38:04Z,true
12831,125000,295,2025-02-03T05:32:07Z,true
12831,126000,245,2025-02-03T05:28:53Z,false
12831,120000,265,2025-02-03T05:27:05Z,false
12831,114000,260,2025-02-03T05:22:00Z,true
12831,128000,305,2025-02-03T05:16:55Z,false
12831,112000,280,2025-02-03T05:07:01Z,false
12831,110000,280,2025-02-03T05:02:03Z,false
12831,110000,275,2025-02-03T04:59:39Z,true
12831,119000,260,2025-02-03T04:57:06Z,false
12831,109000,260,2025-02-03T04:56:56Z,true
12831,120000,265,2025-02-03T04:56:41Z,false
12831,108000,285,2025-02-03T04:47:47Z,true
12831,123000,270,2025-02-03T04:47:20Z,true
12831,118000,255,2025-02-03T04:46:40Z,false
12831,111000,275,2025-02-03T04:44:42Z,false
12831,112000,280,2025-02-03T04:44:02Z,false
12831,133000,240,2025-02-03T04:42:59Z,true
12831,119000,255,2025-02-03T04:42:22Z,true
12831,120000,265,2025-02-03T04:42:06Z,false
12831,133000,240,2025-02-03T04:42:03Z,true
12831,114000,275,2025-02-03T04:40:46Z,true
12831,116000,265,2025-02-03T04:35:57Z,true
12831,114000,275,2025-02-03T04:34:24Z,true
12831,137000,265,2025-02-03T04:32:51Z,true
12831,124000,250,2025-02-03T04:30:33Z,true
12831,123000,250,2025-02-03T04:26:13Z,true
12831,113000,265,2025-02-03T04:22:59Z,true
12831,113000,280,2025-02-03T04:22:32Z,false
12831,114000,275,2025-02-03T04:22:00Z,true
12831,108000,285,2025-02-03T04:20:56Z,true
12831,120000,265,2025-02-03T04:18:09Z,false
12831,123000,270,2025-02-03T04:11:37Z,true
12831,114000,275,2025-02-03T04:04:31Z,true
12831,130000,270,2025-02-03T03:59:12Z,true
12831,109000,260,2025-02-03T03:56:04Z,true
12831,111000,270,2025-02-03T03:55:50Z,true
12831,112000,280,2025-02-03T03:54:13Z,false
12831,119000,260,2025-02-03T03:51:38Z,false
12831,118000,270,2025-02-03T03:48:13Z,false
12831,118000,250,2025-02-03T03:48:13Z,false
12831,120000,265,2025-02-03T03:48:13Z,false
12831,120000,265,2025-02-03T03:48:04Z,false
12831,119000,280,2025-02-03T03:44:23Z,true
12831,119000,255,2025-02-03T03:42:38Z,true
12831,130000,270,2025-02-03T03:35:53Z,true
12831,119000,265,2025-02-03T03:34:06Z,false
12831,116000,265,2025-02-03T03:31:14Z,false
12831,113000,265,2025-02-03T03:24:19Z,true
12831,118000,270,2025-02-03T03:17:29Z,false
12831,129000,270,2025-02-03T03:12:49Z,true
12831,118000,270,2025-02-03T03:12:27Z,false
12831,110000,270,2025-02-03T03:10:47Z,true
12831,112000,280,2025-02-03T03:02:52Z,true
12831,113000,265,2025-02-03T02:58:37Z,true
12831,129000,270,2025-02-03T02:57:53Z,true
12831,110000,270,2025-02-03T02:56:50Z,true
12831,120000,280,2025-02-03T02:47:17Z,true
12831,109000,290,2025-02-03T02:44:52Z,true
12831,112000,275,2025-02-03T02:42:33Z,false
12831,117000,270,2025-02-03T02:39:34Z,false
12831,117000,250,2025-02-03T02:34:26Z,false
12831,117000,270,2025-02-03T02:33:31Z,false
12831,112000,275,2025-02-03T02:30:51Z,false
12831,148000,260,2025-02-03T02:22:31Z,true
12831,111000,270,2025-02-03T02:21:10Z,true
12831,130000,245,2025-02-03T02:13:33Z,true
12831,114000,275,2025-02-03T02:09:02Z,true
12831,108000,285,2025-02-03T02:05:18Z,true
12831,110000,260,2025-02-03T02:04:14Z,true
12831,111000,275,2025-02-03T01:59:55Z,false
12831,117000,265,2025-02-03T01:57:39Z,false
12831,110000,260,2025-02-03T01:56:49Z,true
12831,116000,265,2025-02-03T01:56:49Z,false
12831,117000,270,2025-02-03T01:46:29Z,false
12831,117000,270,2025-02-03T01:45:28Z,false
12831,130000,270,2025-02-03T01:36:21Z,true
12831,123000,265,2025-02-03T01:33:49Z,true
12831,116000,265,2025-02-03T01:32:21Z,false
12831,114000,275,2025-02-03T01:30:34Z,true
12831,116000,270,2025-02-03T01:26:38Z,false
12831,129000,245,2025-02-03T01:24:52Z,true
12831,114000,275,2025-02-03T01:24:52Z,true
12831,116000,270,2025-02-03T01:04:08Z,false
12831,107000,285,2025-02-03T01:02:54Z,false
12831,119000,260,2025-02-03T01:02:03Z,false
12831,130000,270,2025-02-03T00:43:41Z,true
12831,120000,255,2025-02-03T00:24:03Z,true
12831,117000,250,2025-02-03T00:17:14Z,false
12831,125000,260,2025-02-03T00:15:09Z,true
12831,108000,285,2025-02-03T00:14:40Z,true
12831,116000,265,2025-02-03T00:09:17Z,false
12831,133000,240,2025-02-03T00:09:17Z,false
12831,108000,285,2025-02-03T00:06:44Z,true
12831,116000,270,2025-02-02T23:57:00Z,false
12831,111000,275,2025-02-02T23:55:55Z,false
12831,110000,270,2025-02-02T23:52:41Z,true
12831,114000,275,2025-02-02T23:45:49Z,true
12831,102000,285,2025-02-02T23:38:31Z,true
12831,114000,275,2025-02-02T23:25:31Z,true
12831,125000,260,2025-02-02T23:24:11Z,true
12831,114000,275,2025-02-02T23:19:41Z,true
12831,120000,280,2025-02-02T23:12:28Z,true
12831,112000,280,2025-02-02T23:11:00Z,false
12831,112000,280,2025-02-02T23:06:57Z,false
12831,112000,255,2025-02-02T23:01:09Z,true
12831,114000,275,2025-02-02T22:55:00Z,true
12831,112000,280,2025-02-02T22:52:37Z,false
12831,114000,275,2025-02-02T22:36:33Z,true
12831,110000,280,2025-02-02T22:10:06Z,true
12831,137000,265,2025-02-02T22:02:21Z,true
12831,124000,260,2025-02-02T21:56:52Z,true
12831,120000,255,2025-02-02T21:25:48Z,true
12831,130000,270,2025-02-02T21:25:00Z,true
12831,113000,275,2025-02-02T20:21:37Z,true
12831,113000,275,2025-02-02T19:56:26Z,true
12831,117000,270,2025-02-02T19:52:56Z,false
12831,133000,265,2025-02-02T19:03:29Z,true
12831,113000,265,2025-02-02T18:54:03Z,true
12831,130000,270,2025-02-02T18:52:56Z,true
12831,124000,260,2025-02-02T18:38:29Z,true
12831,129000,270,2025-02-02T18:30:08Z,true
12831,120000,280,2025-02-02T18:22:18Z,true
12831,120000,280,2025-02-02T18:19:22Z,true
12831,119000,260,2025-02-02T17:44:25Z,false
12831,114000,300,2025-02-02T17:32:29Z,true
12831,120000,280,2025-02-02T17:32:16Z,true
12831,102000,285,2025-02-02T17:31:44Z,true
12831,118000,270,2025-02-02T17:23:33Z,false
12831,117000,270,2025-02-02T17:19:32Z,false
12831,119000,260,2025-02-02T17:17:22Z,false
12831,129000,270,2025-02-02T17:03:27Z,true
12831,116000,270,2025-02-02T16:49:48Z,false
12831,118000,280,2025-02-02T16:45:50Z,true
12831,133000,265,2025-02-02T16:43:14Z,true
12831,119000,260,2025-02-02T16:42:45Z,false
12831,119000,265,2025-02-02T16:42:45Z,false
12831,111000,275,2025-02-02T16:42:45Z,false
12831,120000,255,2025-02-02T16:37:10Z,true
12831,130000,270,2025-02-02T16:34:29Z,true
12831,115000,270,2025-02-02T16:20:59Z,false
12831,130000,270,2025-02-02T16:20:37Z,true
12831,132000,265,2025-02-02T16:17:05Z,true
12831,110000,270,2025-02-02T16:12:42Z,true
12831,130000,270,2025-02-02T16:12:07Z,true
12831,115000,270,2025-02-02T16:09:07Z,false
12831,110000,270,2025-02-02T15:59:42Z,true
12831,107000,285,2025-02-02T15:56:20Z,false
12831,113000,275,2025-02-02T15:56:02Z,true
12831,118000,290,2025-02-02T15:50:47Z,true
12831,132000,265,2025-02-02T15:48:45Z,true
12831,119000,280,2025-02-02T15:47:28Z,true
12831,118000,280,2025-02-02T15:37:40Z,true
12831,130000,270,2025-02-02T15:37:04Z,true
12831,111000,275,2025-02-02T15:35:12Z,false
12831,113000,280,2025-02-02T15:27:15Z,false
12831,107000,285,2025-02-02T15:24:43Z,false
12831,113000,280,2025-02-02T15:23:26Z,false
12831,113000,265,2025-02-02T15:22:29Z,true
12831,120000,255,2025-02-02T15:19:00Z,true
12831,110000,270,2025-02-02T15:12:35Z,true
12831,114000,270,2025-02-02T15:11:54Z,false
12831,120000,255,2025-02-02T15:08:53Z,true
12831,113000,270,2025-02-02T15:08:31Z,false
12831,114000,270,2025-02-02T14:49:50Z,false
12831,112000,275,2025-02-02T14:42:06Z,true
12831,112000,275,2025-02-02T14:41:14Z,true
12831,111000,275,2025-02-02T14:39:33Z,true
12831,108000,285,2025-02-02T14:33:55Z,true
12831,120000,255,2025-02-02T14:30:54Z,true
12831,108000,285,2025-02-02T14:27:36Z,true
12831,112000,275,2025-02-02T14:26:40Z,true
12831,117000,290,2025-02-02T14:24:26Z,true
12831,120000,260,2025-02-02T14:23:13Z,false
12831,116000,270,2025-02-02T14:23:04Z,false
12831,108000,285,2025-02-02T14:20:49Z,false
12831,108000,260,2025-02-02T14:19:59Z,true
12831,113000,265,2025-02-02T14:19:17Z,true
12831,112000,275,2025-02-02T14:17:35Z,false
12831,121000,265,2025-02-02T14:14:44Z,false
12831,105000,285,2025-02-02T14:11:56Z,true
12831,113000,265,2025-02-02T14:10:08Z,true
12831,130000,270,2025-02-02T14:06:12Z,true
12831,108000,290,2025-02-02T14:04:36Z,true
12831,119000,265,2025-02-02T14:00:07Z,false
12831,119000,280,2025-02-02T13:57:09Z,true
12831,114000,275,2025-02-02T13:56:39Z,true
12831,107000,285,2025-02-02T13:55:35Z,false
12831,120000,260,2025-02-02T13:55:31Z,false
12831,130000,270,2025-02-02T13:53:28Z,true
12831,114000,275,2025-02-02T13:50:03Z,true
12831,111000,290,2025-02-02T13:45:27Z,false
12831,112000,275,2025-02-02T13:43:03Z,true
12831,132000,265,2025-02-02T13:40:57Z,true
12831,113000,265,2025-02-02T13:36:31Z,true
12831,129000,240,2025-02-02T13:32:48Z,true
12831,114000,275,2025-02-02T13:29:24Z,true
12831,105000,285,2025-02-02T13:29:07Z,false
12831,113000,280,2025-02-02T13:26:00Z,false
12831,113000,275,2025-02-02T13:25:40Z,true
12831,120000,255,2025-02-02T13:24:41Z,true
12831,111000,285,2025-02-02T13:24:27Z,true
12831,131000,270,2025-02-02T13:22:31Z,true
12831,115000,255,2025-02-02T13:21:07Z,false
12831,115000,290,2025-02-02T13:20:52Z,true
12831,119000,265,2025-02-02T13:16:26Z,false
12831,131000,270,2025-02-02T13:13:17Z,true
12831,112000,300,2025-02-02T13:10:15Z,true
12831,113000,275,2025-02-02T13:08:18Z,true
12831,112000,280,2025-02-02T13:07:35Z,false
12831,132000,265,2025-02-02T13:07:26Z,true
12831,130000,270,2025-02-02T13:06:20Z,true
12831,113000,275,2025-02-02T13:05:36Z,true
12831,117000,260,2025-02-02T13:04:50Z,false
12831,119000,280,2025-02-02T13:03:11Z,true
12831,117000,260,2025-02-02T13:01:14Z,false
12831,115000,270,2025-02-02T13:01:05Z,false
12831,120000,255,2025-02-02T12:57:25Z,true
12831,129000,270,2025-02-02T12:57:01Z,true
12831,105000,285,2025-02-02T12:55:03Z,true
12831,130000,270,2025-02-02T12:54:10Z,true
12831,119000,280,2025-02-02T12:52:08Z,true
12831,130000,270,2025-02-02T12:51:25Z,true
12831,119000,265,2025-02-02T12:49:55Z,false
12831,110000,260,2025-02-02T12:34:42Z,true
12831,112000,280,2025-02-02T12:34:18Z,false
12831,119000,265,2025-02-02T12:32:28Z,false
12831,111000,295,2025-02-02T12:31:00Z,false
12831,119000,265,2025-02-02T12:29:54Z,false
12831,116000,260,2025-02-02T12:29:03Z,false
12831,120000,255,2025-02-02T12:26:17Z,true
12831,115000,270,2025-02-02T12:19:20Z,false
12831,105000,285,2025-02-02T12:18:37Z,false
12831,115000,270,2025-02-02T12:17:14Z,false
12831,116000,260,2025-02-02T12:16:05Z,false
12831,114000,275,2025-02-02T12:14:19Z,true
12831,113000,255,2025-02-02T12:14:02Z,true
12831,111000,260,2025-02-02T12:13:48Z,true
12831,120000,280,2025-02-02T12:12:42Z,true
12831,114000,275,2025-02-02T12:10:33Z,true
12831,115000,270,2025-02-02T12:09:22Z,false
12831,104000,300,2025-02-02T12:09:12Z,false
12831,116000,260,2025-02-02T12:07:39Z,false
12831,120000,280,2025-02-02T12:06:37Z,true
12831,132000,240,2025-02-02T12:04:15Z,true
12831,105000,285,2025-02-02T12:03:43Z,false
12831,115000,255,2025-02-02T12:02:29Z,false
12831,115000,270,2025-02-02T12:01:28Z,false
12831,120000,255,2025-02-02T12:00:39Z,true
12831,116000,260,2025-02-02T12:00:17Z,false
12831,113000,275,2025-02-02T11:59:51Z,false
12831,112000,275,2025-02-02T11:59:08Z,false
12831,118000,250,2025-02-02T11:58:50Z,false
12831,110000,270,2025-02-02T11:58:47Z,true
12831,114000,275,2025-02-02T11:54:35Z,true
12831,133000,265,2025-02-02T11:54:10Z,true
12831,113000,265,2025-02-02T11:53:30Z,true
12831,112000,275,2025-02-02T11:51:13Z,false
12831,104000,285,2025-02-02T11:50:27Z,true
12831,116000,260,2025-02-02T11:46:15Z,false
12831,116000,260,2025-02-02T11:42:16Z,false
12831,115000,270,2025-02-02T11:40:23Z,false
12831,130000,270,2025-02-02T11:40:02Z,true
12831,133000,265,2025-02-02T11:30:28Z,true
12831,114000,275,2025-02-02T11:30:24Z,true
12831,115000,255,2025-02-02T11:27:23Z,false
12831,132000,240,2025-02-02T11:25:18Z,true
12831,130000,270,2025-02-02T11:25:18Z,true
12831,111000,290,2025-02-02T11:24:24Z,false
12831,119000,265,2025-02-02T11:21:08Z,false
12831,110000,275,2025-02-02T11:13:27Z,true
12831,112000,280,2025-02-02T11:12:39Z,false
12831,118000,265,2025-02-02T11:11:11Z,false
12831,133000,265,2025-02-02T11:09:13Z,true
12831,117000,265,2025-02-02T11:07:43Z,false
12831,112000,255,2025-02-02T11:06:27Z,true
12831,114000,275,2025-02-02T11:02:58Z,true
12831,112000,280,2025-02-02T10:58:15Z,false
12831,113000,275,2025-02-02T10:56:40Z,true
12831,131000,270,2025-02-02T10:54:29Z,true
12831,115000,270,2025-02-02T10:54:02Z,false
12831,133000,265,2025-02-02T10:51:55Z,true
12831,115000,270,2025-02-02T10:48:45Z,false
12831,111000,285,2025-02-02T10:48:43Z,true
12831,112000,275,2025-02-02T10:47:38Z,false
12831,130000,240,2025-02-02T10:45:30Z,false
12831,113000,265,2025-02-02T10:43:52Z,true
12831,112000,280,2025-02-02T10:43:44Z,false
12831,120000,280,2025-02-02T10:42:10Z,true
12831,110000,270,2025-02-02T10:42:04Z,true
12831,120000,255,2025-02-02T10:41:10Z,true
12831,108000,260,2025-02-02T10:35:24Z,true
12831,116000,260,2025-02-02T10:34:56Z,false
12831,130000,270,2025-02-02T10:30:53Z,true
12831,111000,290,2025-02-02T10:29:24Z,false
12831,102000,300,2025-02-02T10:16:44Z,true
12831,116000,260,2025-02-02T10:06:59Z,false
12831,128000,270,2025-02-02T10:03:37Z,true
12831,112000,280,2025-02-02T10:02:17Z,false
12831,115000,260,2025-02-02T09:53:49Z,false
12831,130000,270,2025-02-02T09:44:24Z,true
12831,114000,275,2025-02-02T09:34:08Z,true
12831,115000,260,2025-02-02T09:32:24Z,false
12831,115000,255,2025-02-02T09:31:05Z,false
12831,112000,300,2025-02-02T09:28:34Z,true
12831,119000,265,2025-02-02T09:22:51Z,false
12831,118000,265,2025-02-02T09:19:51Z,false
12831,130000,270,2025-02-02T09:17:37Z,true
12831,125000,245,2025-02-02T09:15:00Z,false
12831,114000,275,2025-02-02T09:14:17Z,true
12831,110000,275,2025-02-02T09:12:11Z,true
12831,130000,270,2025-02-02T09:09:33Z,true
12831,113000,275,2025-02-02T09:06:49Z,true
12831,112000,275,2025-02-02T08:59:27Z,false
12831,118000,265,2025-02-02T08:56:01Z,false
12831,129000,270,2025-02-02T08:54:41Z,true
12831,130000,270,2025-02-02T08:45:45Z,true
12831,113000,275,2025-02-02T08:44:02Z,true
12831,105000,285,2025-02-02T08:40:00Z,false
12831,124000,250,2025-02-02T08:37:59Z,true
12831,113000,265,2025-02-02T08:37:55Z,true
12831,131000,240,2025-02-02T08:36:23Z,true
12831,120000,255,2025-02-02T08:35:11Z,true
12831,118000,265,2025-02-02T08:30:22Z,false
12831,115000,270,2025-02-02T08:28:13Z,false
12831,113000,275,2025-02-02T08:24:08Z,true
12831,118000,265,2025-02-02T08:23:44Z,false
12831,118000,265,2025-02-02T08:13:03Z,false
12831,114000,275,2025-02-02T08:10:30Z,true
12831,114000,275,2025-02-02T08:08:24Z,true
12831,108000,290,2025-02-02T08:05:48Z,true
12831,117000,250,2025-02-02T08:04:23Z,false
12831,118000,265,2025-02-02T08:04:21Z,false
12831,113000,275,2025-02-02T08:02:38Z,true
12831,115000,260,2025-02-02T08:01:11Z,false
12831,120000,255,2025-02-02T07:56:01Z,true
12831,114000,270,2025-02-02T07:53:56Z,false
12831,105000,285,2025-02-02T07:53:23Z,false
12831,104000,285,2025-02-02T07:44:22Z,false
12831,130000,240,2025-02-02T07:42:06Z,false
12831,111000,255,2025-02-02T07:37:34Z,true
12831,119000,260,2025-02-02T07:32:48Z,true
12831,120000,255,2025-02-02T07:30:02Z,true
12831,119000,265,2025-02-02T07:28:23Z,false
12831,113000,265,2025-02-02T07:27:43Z,true
12831,118000,265,2025-02-02T07:27:31Z,false
12831,130000,270,2025-02-02T07:25:14Z,true
12831,118000,265,2025-02-02T07:22:41Z,false
12831,115000,270,2025-02-02T07:22:16Z,false
12831,116000,265,2025-02-02T07:20:43Z,false
12831,116000,265,2025-02-02T07:20:41Z,false
12831,115000,270,2025-02-02T07:18:40Z,false
12831,125000,245,2025-02-02T07:18:36Z,false
12831,129000,240,2025-02-02T07:12:33Z,false
12831,112000,280,2025-02-02T07:10:46Z,false
12831,114000,275,2025-02-02T07:09:56Z,true
12831,120000,280,2025-02-02T07:09:56Z,true
12831,111000,280,2025-02-02T07:03:39Z,false
12831,111000,285,2025-02-02T06:58:11Z,true
12831,112000,275,2025-02-02T06:57:59Z,false
12831,120000,280,2025-02-02T06:54:43Z,true
12831,110000,270,2025-02-02T06:53:31Z,true
12831,129000,240,2025-02-02T06:50:18Z,false
12831,110000,260,2025-02-02T06:48:01Z,true
12831,115000,255,2025-02-02T06:43:22Z,false
12831,115000,270,2025-02-02T06:39:56Z,false
12831,113000,265,2025-02-02T06:39:55Z,true
12831,114000,275,2025-02-02T06:32:46Z,true
12831,115000,260,2025-02-02T06:30:34Z,false
12831,130000,270,2025-02-02T06:30:19Z,true
12831,114000,275,2025-02-02T06:30:01Z,true
12831,114000,280,2025-02-02T06:23:18Z,true
12831,113000,265,2025-02-02T06:18:53Z,true
12831,110000,280,2025-02-02T06:18:23Z,true
12831,117000,265,2025-02-02T06:18:22Z,false
12831,115000,260,2025-02-02T06:17:13Z,false
12831,120000,280,2025-02-02T06:16:45Z,true
12831,131000,240,2025-02-02T06:14:15Z,true
12831,116000,290,2025-02-02T06:10:48Z,true
12831,107000,260,2025-02-02T06:09:33Z,true
12831,110000,270,2025-02-02T06:06:17Z,true
12831,111000,280,2025-02-02T06:00:38Z,false
12831,114000,275,2025-02-02T05:59:35Z,true
12831,113000,265,2025-02-02T05:53:18Z,true
12831,115000,260,2025-02-02T05:51:50Z,false
12831,115000,260,2025-02-02T05:51:33Z,false
12831,113000,275,2025-02-02T05:48:41Z,false
12831,117000,265,2025-02-02T05:47:59Z,false
12831,114000,275,2025-02-02T05:44:15Z,true
12831,124000,250,2025-02-02T05:42:15Z,true
12831,116000,265,2025-02-02T05:37:37Z,false
12831,115000,270,2025-02-02T05:31:36Z,false
12831,115000,270,2025-02-02T05:31:00Z,false
12831,117000,250,2025-02-02T05:30:21Z,false
12831,114000,255,2025-02-02T05:30:18Z,false
12831,115000,260,2025-02-02T05:30:18Z,false
12831,116000,265,2025-02-02T05:27:11Z,false
12831,142000,260,2025-02-02T05:20:28Z,true
12831,115000,270,2025-02-02T05:17:42Z,false
12831,114000,260,2025-02-02T05:16:37Z,false
12831,117000,250,2025-02-02T05:14:12Z,false
12831,110000,280,2025-02-02T05:10:09Z,false
12831,110000,280,2025-02-02T05:04:31Z,false
12831,132000,265,2025-02-02T04:57:29Z,true
12831,114000,275,2025-02-02T04:51:21Z,true
12831,129000,270,2025-02-02T04:49:19Z,true
12831,135000,260,2025-02-02T04:43:44Z,true
12831,104000,285,2025-02-02T04:40:12Z,false
12831,131000,240,2025-02-02T04:35:17Z,true
12831,111000,285,2025-02-02T04:31:56Z,true
12831,113000,275,2025-02-02T04:29:55Z,false
12831,111000,285,2025-02-02T04:28:29Z,true
12831,130000,240,2025-02-02T04:27:52Z,false
12831,115000,270,2025-02-02T04:23:27Z,false
12831,132000,270,2025-02-02T04:22:09Z,true
12831,110000,270,2025-02-02T04:20:44Z,true
12831,112000,275,2025-02-02T04:18:47Z,false
12831,104000,285,2025-02-02T04:15:19Z,false
12831,114000,275,2025-02-02T04:15:01Z,true
12831,113000,265,2025-02-02T04:11:37Z,true
12831,114000,275,2025-02-02T04:03:27Z,true
12831,132000,265,2025-02-02T04:00:38Z,true
12831,114000,270,2025-02-02T03:59:31Z,false
12831,110000,270,2025-02-02T03:59:28Z,true
12831,104000,285,2025-02-02T03:56:55Z,false
12831,129000,270,2025-02-02T03:56:28Z,true
12831,111000,275,2025-02-02T03:54:27Z,false
12831,111000,275,2025-02-02T03:52:44Z,false
12831,128000,270,2025-02-02T03:50:09Z,true
12831,110000,280,2025-02-02T03:48:59Z,true
12831,114000,270,2025-02-02T03:46:08Z,false
12831,135000,260,2025-02-02T03:44:36Z,true
12831,110000,270,2025-02-02T03:40:53Z,true
12831,108000,260,2025-02-02T03:37:03Z,true
12831,111000,275,2025-02-02T03:35:28Z,false
12831,111000,285,2025-02-02T03:34:06Z,true
12831,127000,270,2025-02-02T03:31:37Z,true
12831,119000,280,2025-02-02T03:28:55Z,true
12831,134000,260,2025-02-02T03:18:38Z,true
12831,116000,265,2025-02-02T03:18:20Z,false
12831,115000,270,2025-02-02T03:17:20Z,false
12831,114000,270,2025-02-02T03:16:37Z,false
12831,110000,280,2025-02-02T03:12:36Z,false
12831,120000,280,2025-02-02T03:05:10Z,true
12831,120000,255,2025-02-02T03:03:10Z,true
12831,112000,265,2025-02-02T02:55:50Z,true
12831,110000,290,2025-02-02T02:51:25Z,false
12831,111000,270,2025-02-02T02:50:04Z,true
12831,117000,265,2025-02-02T02:49:31Z,true
12831,129000,240,2025-02-02T02:48:11Z,false
12831,111000,255,2025-02-02T02:48:10Z,true
12831,117000,250,2025-02-02T02:48:05Z,false
12831,128000,270,2025-02-02T02:47:42Z,true
12831,119000,260,2025-02-02T02:40:59Z,true
12831,104000,285,2025-02-02T02:39:43Z,false
12831,115000,270,2025-02-02T02:36:45Z,false
12831,117000,265,2025-02-02T02:35:55Z,false
12831,116000,290,2025-02-02T02:35:30Z,true
12831,112000,275,2025-02-02T02:35:04Z,false
12831,104000,285,2025-02-02T02:31:34Z,false
12831,115000,270,2025-02-02T02:26:35Z,false
12831,111000,280,2025-02-02T02:24:38Z,false
12831,132000,265,2025-02-02T02:22:24Z,true
12831,112000,265,2025-02-02T02:14:45Z,true
12831,117000,265,2025-02-02T02:12:52Z,false
12831,115000,260,2025-02-02T02:10:05Z,false
12831,114000,270,2025-02-02T01:56:42Z,false
12831,120000,280,2025-02-02T01:51:26Z,true
12831,115000,260,2025-02-02T01:50:56Z,false
12831,111000,285,2025-02-02T01:45:19Z,true
12831,107000,260,2025-02-02T01:42:29Z,true
12831,115000,255,2025-02-02T01:41:51Z,false
12831,128000,270,2025-02-02T01:40:19Z,true
12831,111000,300,2025-02-02T01:29:52Z,true
12831,132000,240,2025-02-02T01:27:54Z,true
12831,116000,260,2025-02-02T01:24:12Z,false
12831,117000,265,2025-02-02T01:22:20Z,false
12831,115000,270,2025-02-02T01:18:51Z,false
12831,123000,270,2025-02-02T01:06:10Z,true
12831,114000,275,2025-02-02T01:01:16Z,true
12831,117000,265,2025-02-02T00:56:10Z,false
12831,123000,270,2025-02-02T00:43:44Z,true
12831,103000,300,2025-02-02T00:42:54Z,false
12831,114000,275,2025-02-02T00:39:15Z,true
12831,114000,275,2025-02-02T00:38:06Z,true
12831,120000,255,2025-02-02T00:28:27Z,true
12831,118000,265,2025-02-02T00:18:46Z,false
12831,111000,265,2025-02-02T00:10:57Z,true
12831,115000,270,2025-02-02T00:04:06Z,false
12831,113000,275,2025-02-02T00:01:31Z,true
12831,120000,255,2025-02-01T23:59:09Z,true
12831,109000,280,2025-02-01T23:41:59Z,true
12831,114000,275,2025-02-01T23:26:43Z,true
12831,120000,280,2025-02-01T23:21:09Z,true
12831,115000,270,2025-02-01T22:48:29Z,false
12831,111000,260,2025-02-01T22:17:56Z,true
12831,114000,275,2025-02-01T22:12:08Z,true
12831,105000,275,2025-02-01T22:07:51Z,false
12831,113000,275,2025-02-01T21:50:30Z,false
12831,115000,270,2025-02-01T21:47:44Z,false
12831,108000,260,2025-02-01T21:38:58Z,true
12831,114000,260,2025-02-01T21:02:16Z,false
12831,109000,280,2025-02-01T20:36:28Z,true
12831,109000,260,2025-02-01T20:32:47Z,true
12831,110000,275,2025-02-01T20:19:07Z,true
12831,109000,280,2025-02-01T18:50:06Z,true
12831,111000,290,2025-02-01T18:49:54Z,false
12831,113000,275,2025-02-01T18:44:58Z,true
12831,113000,275,2025-02-01T18:40:29Z,true
12831,131000,240,2025-02-01T18:32:03Z,true
12831,111000,285,2025-02-01T18:20:47Z,true
12831,111000,280,2025-02-01T18:19:55Z,false
12831,113000,275,2025-02-01T18:16:36Z,true
12831,110000,270,2025-02-01T18:14:27Z,true
12831,115000,255,2025-02-01T18:00:35Z,false
12831,109000,275,2025-02-01T17:57:13Z,true
12831,113000,260,2025-02-01T17:52:15Z,false
12831,130000,265,2025-02-01T17:48:31Z,true
12831,113000,260,2025-02-01T17:26:41Z,false
12831,113000,260,2025-02-01T17:15:46Z,false
12831,112000,255,2025-02-01T17:07:48Z,true
12831,116000,270,2025-02-01T16:52:53Z,false
12831,128000,240,2025-02-01T16:52:53Z,false
12831,110000,270,2025-02-01T16:38:39Z,true
12831,133000,260,2025-02-01T16:38:26Z,true
12831,111000,280,2025-02-01T16:35:58Z,false
12831,118000,250,2025-02-01T16:34:15Z,false
12831,127000,240,2025-02-01T16:25:03Z,false
12831,113000,260,2025-02-01T16:23:34Z,false
12831,110000,270,2025-02-01T16:12:23Z,true
12831,123000,270,2025-02-01T16:11:30Z,true
12831,114000,275,2025-02-01T15:57:20Z,true
12831,116000,270,2025-02-01T15:54:43Z,false
12831,129000,265,2025-02-01T15:53:15Z,true
12831,111000,285,2025-02-01T15:50:53Z,true
12831,114000,275,2025-02-01T15:49:58Z,true
12831,111000,280,2025-02-01T15:48:26Z,false
12831,114000,275,2025-02-01T15:39:49Z,true
12831,129000,265,2025-02-01T15:38:34Z,true
12831,113000,260,2025-02-01T15:35:02Z,false
12831,120000,280,2025-02-01T15:34:01Z,true
12831,114000,275,2025-02-01T15:28:29Z,true
12831,114000,275,2025-02-01T15:28:13Z,true
12831,118000,265,2025-02-01T15:25:30Z,false
12831,117000,265,2025-02-01T15:24:02Z,false
12831,110000,265,2025-02-01T15:19:41Z,true
12831,116000,270,2025-02-01T15:18:00Z,false
12831,112000,270,2025-02-01T15:14:14Z,true
12831,116000,265,2025-02-01T15:14:05Z,false
12831,104000,285,2025-02-01T15:12:28Z,false
12831,113000,260,2025-02-01T15:06:41Z,false
12831,115000,270,2025-02-01T15:04:37Z,false
12831,110000,265,2025-02-01T15:01:38Z,true
12831,115000,270,2025-02-01T15:01:19Z,false
12831,111000,280,2025-02-01T14:58:36Z,false
12831,120000,255,2025-02-01T14:58:27Z,true
12831,112000,260,2025-02-01T14:55:45Z,false
12831,116000,265,2025-02-01T14:52:51Z,false
12831,114000,275,2025-02-01T14:48:14Z,true
12831,114000,275,2025-02-01T14:48:07Z,true
12831,104000,285,2025-02-01T14:48:01Z,false
12831,117000,265,2025-02-01T14:47:45Z,false
12831,120000,280,2025-02-01T14:41:46Z,true
12831,117000,265,2025-02-01T14:41:07Z,false
12831,122000,270,2025-02-01T14:38:33Z,true
12831,114000,275,2025-02-01T14:37:17Z,true
12831,115000,270,2025-02-01T14:36:07Z,false
12831,114000,275,2025-02-01T14:31:44Z,true
12831,115000,270,2025-02-01T14:31:21Z,false
12831,114000,275,2025-02-01T14:31:03Z,true
12831,117000,265,2025-02-01T14:23:22Z,false
12831,114000,275,2025-02-01T14:22:22Z,true
12831,115000,270,2025-02-01T14:17:54Z,false
12831,115000,270,2025-02-01T14:12:19Z,false
12831,116000,290,2025-02-01T14:03:52Z,true
12831,123000,270,2025-02-01T13:58:52Z,true
12831,119000,280,2025-02-01T13:57:14Z,true
12831,133000,260,2025-02-01T13:51:44Z,true
12831,109000,275,2025-02-01T13:51:16Z,true
12831,129000,265,2025-02-01T13:50:59Z,true
12831,124000,250,2025-02-01T13:49:51Z,true
12831,112000,260,2025-02-01T13:49:42Z,false
12831,111000,285,2025-02-01T13:46:33Z,true
12831,111000,290,2025-02-01T13:44:54Z,false
12831,104000,285,2025-02-01T13:37:26Z,false
12831,110000,280,2025-02-01T13:37:12Z,false
12831,118000,265,2025-02-01T13:35:57Z,false
12831,110000,280,2025-02-01T13:31:47Z,false
12831,113000,275,2025-02-01T13:30:56Z,false
12831,113000,265,2025-02-01T13:30:54Z,true
12831,113000,275,2025-02-01T13:25:51Z,true
12831,123000,270,2025-02-01T13:22:34Z,true
12831,118000,295,2025-02-01T13:21:53Z,true
12831,116000,270,2025-02-01T13:11:37Z,false
12831,110000,280,2025-02-01T13:07:14Z,false
12831,124000,250,2025-02-01T13:02:16Z,true
12831,109000,280,2025-02-01T12:57:03Z,true
12831,111000,270,2025-02-01T12:55:55Z,true
12831,119000,265,2025-02-01T12:54:18Z,false
12831,112000,280,2025-02-01T12:53:23Z,true
12831,116000,255,2025-02-01T12:53:01Z,false
12831,114000,260,2025-02-01T12:52:34Z,false
12831,130000,265,2025-02-01T12:48:27Z,true
12831,114000,275,2025-02-01T12:46:10Z,true
12831,104000,285,2025-02-01T12:43:55Z,false
12831,109000,260,2025-02-01T12:43:42Z,true
12831,112000,255,2025-02-01T12:42:13Z,true
12831,116000,270,2025-02-01T12:41:31Z,false
12831,113000,265,2025-02-01T12:38:02Z,true
12831,123000,270,2025-02-01T12:36:08Z,true
12831,119000,265,2025-02-01T12:35:48Z,false
12831,122000,270,2025-02-01T12:33:34Z,true
12831,117000,270,2025-02-01T12:32:55Z,false
12831,114000,260,2025-02-01T12:27:38Z,false
12831,103000,300,2025-02-01T12:24:12Z,false
12831,121000,270,2025-02-01T12:20:11Z,true
12831,104000,285,2025-02-01T12:19:03Z,false
12831,118000,280,2025-02-01T12:14:12Z,true
12831,121000,270,2025-02-01T12:12:06Z,true
12831,114000,275,2025-02-01T12:11:37Z,true
12831,118000,270,2025-02-01T12:07:36Z,false
12831,118000,270,2025-02-01T12:06:26Z,false
12831,120000,270,2025-02-01T12:04:50Z,true
12831,124000,250,2025-02-01T12:03:43Z,true
12831,111000,260,2025-02-01T12:03:27Z,true
12831,114000,275,2025-02-01T11:58:58Z,true
12831,110000,280,2025-02-01T11:58:28Z,false
12831,113000,260,2025-02-01T11:58:13Z,false
12831,117000,270,2025-02-01T11:56:13Z,false
12831,131000,240,2025-02-01T11:51:56Z,true
12831,111000,290,2025-02-01T11:47:19Z,false
12831,124000,250,2025-02-01T11:46:21Z,true
12831,119000,250,2025-02-01T11:45:06Z,false
12831,107000,300,2025-02-01T11:44:17Z,true
12831,117000,280,2025-02-01T11:41:46Z,true
12831,111000,285,2025-02-01T11:40:50Z,true
12831,111000,255,2025-02-01T11:40:09Z,true
12831,108000,260,2025-02-01T11:30:25Z,true
12831,121000,270,2025-02-01T11:30:12Z,true
12831,114000,275,2025-02-01T11:28:02Z,true
12831,110000,285,2025-02-01T11:27:21Z,true
12831,122000,265,2025-02-01T11:23:53Z,false
12831,113000,265,2025-02-01T11:22:59Z,true
12831,103000,300,2025-02-01T11:20:55Z,false
12831,110000,265,2025-02-01T11:20:06Z,true
12831,117000,255,2025-02-01T11:18:55Z,false
12831,114000,275,2025-02-01T11:16:47Z,true
12831,130000,265,2025-02-01T11:15:40Z,true
12831,113000,260,2025-02-01T11:13:05Z,false
12831,110000,265,2025-02-01T11:10:12Z,true
12831,110000,280,2025-02-01T11:01:44Z,false
12831,120000,270,2025-02-01T11:01:41Z,true
12831,115000,280,2025-02-01T11:00:23Z,true
12831,109000,270,2025-02-01T10:57:33Z,true
12831,117000,270,2025-02-01T10:52:14Z,false
12831,111000,275,2025-02-01T10:49:04Z,true
12831,112000,260,2025-02-01T10:45:20Z,false
12831,119000,270,2025-02-01T10:41:18Z,true
12831,121000,265,2025-02-01T10:32:49Z,false
12831,112000,255,2025-02-01T10:29:33Z,true
12831,122000,265,2025-02-01T10:20:56Z,false
12831,114000,275,2025-02-01T10:16:27Z,true
12831,114000,275,2025-02-01T10:14:50Z,true
12831,130000,265,2025-02-01T10:00:59Z,true
12831,114000,275,2025-02-01T09:57:46Z,false
12831,121000,265,2025-02-01T09:51:26Z,false
12831,130000,245,2025-02-01T09:45:34Z,true
12831,115000,280,2025-02-01T09:44:15Z,true
12831,114000,275,2025-02-01T09:43:21Z,true
12831,123000,250,2025-02-01T09:40:35Z,true
12831,125000,265,2025-02-01T09:36:45Z,true
12831,119000,245,2025-02-01T09:34:47Z,true
12831,125000,265,2025-02-01T09:34:23Z,true
12831,110000,285,2025-02-01T09:34:10Z,true
12831,113000,275,2025-02-01T09:27:09Z,true
12831,119000,270,2025-02-01T09:27:01Z,true
12831,107000,300,2025-02-01T09:25:56Z,true
12831,120000,270,2025-02-01T09:22:55Z,true
12831,118000,270,2025-02-01T09:21:18Z,false
12831,121000,270,2025-02-01T09:15:49Z,true
12831,110000,285,2025-02-01T09:14:11Z,true
12831,109000,275,2025-02-01T09:13:04Z,false
12831,113000,275,2025-02-01T09:12:02Z,true
12831,116000,280,2025-02-01T09:10:56Z,true
12831,114000,275,2025-02-01T09:09:28Z,true
12831,110000,275,2025-02-01T09:08:32Z,true
12831,130000,265,2025-02-01T09:06:43Z,true
12831,109000,275,2025-02-01T09:03:28Z,true
12831,118000,270,2025-02-01T09:02:10Z,false
12831,127000,245,2025-02-01T08:57:28Z,false
12831,114000,280,2025-02-01T08:55:30Z,true
12831,103000,285,2025-02-01T08:52:18Z,false
12831,114000,275,2025-02-01T08:51:53Z,false
12831,118000,250,2025-02-01T08:50:47Z,false
12831,114000,275,2025-02-01T08:48:49Z,true
12831,121000,245,2025-02-01T08:48:03Z,true
12831,130000,265,2025-02-01T08:46:49Z,true
12831,114000,275,2025-02-01T08:45:09Z,true
12831,118000,270,2025-02-01T08:39:13Z,false
12831,108000,265,2025-02-01T08:35:01Z,true
12831,121000,270,2025-02-01T08:25:15Z,true
12831,113000,260,2025-02-01T08:25:01Z,false
12831,114000,275,2025-02-01T08:24:03Z,false
12831,111000,275,2025-02-01T08:22:07Z,true
12831,118000,270,2025-02-01T08:21:59Z,false
12831,115000,280,2025-02-01T08:13:20Z,true
12831,120000,265,2025-02-01T08:13:12Z,false
12831,118000,270,2025-02-01T08:12:15Z,false
12831,121000,270,2025-02-01T08:11:38Z,true
12831,110000,280,2025-02-01T08:08:32Z,false
12831,114000,275,2025-02-01T08:07:05Z,true
12831,111000,275,2025-02-01T07:57:48Z,true
12831,121000,270,2025-02-01T07:53:18Z,true
12831,121000,245,2025-02-01T07:51:19Z,true
12831,121000,270,2025-02-01T07:50:52Z,true
12831,121000,265,2025-02-01T07:47:07Z,false
12831,129000,245,2025-02-01T07:44:28Z,true
12831,114000,280,2025-02-01T07:42:06Z,true
12831,119000,270,2025-02-01T07:39:34Z,false
12831,114000,280,2025-02-01T07:36:30Z,true
12831,118000,250,2025-02-01T07:34:29Z,false
12831,119000,270,2025-02-01T07:32:28Z,false
12831,107000,260,2025-02-01T07:31:31Z,true
12831,109000,260,2025-02-01T07:28:31Z,true
12831,121000,265,2025-02-01T07:28:01Z,false
12831,113000,280,2025-02-01T07:25:50Z,true
12831,115000,255,2025-02-01T07:24:45Z,false
12831,130000,265,2025-02-01T07:22:02Z,true
12831,108000,265,2025-02-01T07:21:59Z,true
12831,113000,280,2025-02-01T07:17:27Z,true
12831,113000,260,2025-02-01T07:14:29Z,false
12831,109000,290,2025-02-01T07:09:17Z,true
12831,119000,260,2025-02-01T07:07:41Z,true
12831,109000,280,2025-02-01T07:06:55Z,false
12831,121000,270,2025-02-01T07:03:17Z,true
12831,107000,260,2025-02-01T06:57:47Z,true
12831,120000,255,2025-02-01T06:47:18Z,true
12831,110000,280,2025-02-01T06:46:10Z,true
12831,107000,300,2025-02-01T06:41:11Z,true
12831,114000,275,2025-02-01T06:38:03Z,true
12831,108000,265,2025-02-01T06:32:14Z,true
12831,114000,275,2025-02-01T06:29:50Z,true
12831,115000,310,2025-02-01T06:29:32Z,false
12831,108000,260,2025-02-01T06:26:12Z,true
12831,114000,280,2025-02-01T06:23:49Z,true
12831,114000,260,2025-02-01T06:18:36Z,false
12831,119000,250,2025-02-01T06:14:16Z,false
12831,110000,280,2025-02-01T06:12:42Z,false
12831,109000,280,2025-02-01T06:11:52Z,false
12831,119000,270,2025-02-01T06:09:56Z,false
12831,121000,265,2025-02-01T06:05:21Z,false
12831,113000,280,2025-02-01T06:05:17Z,true
12831,129000,245,2025-02-01T06:03:57Z,true
12831,129000,265,2025-02-01T06:00:10Z,true
12831,120000,270,2025-02-01T05:56:53Z,true
12831,116000,260,2025-02-01T05:53:20Z,false
12831,120000,270,2025-02-01T05:53:10Z,true
12831,120000,270,2025-02-01T05:53:10Z,true
12831,109000,280,2025-02-01T05:51:28Z,false
12831,115000,275,2025-02-01T05:51:13Z,false
12831,108000,270,2025-02-01T05:47:27Z,true
12831,123000,250,2025-02-01T05:47:16Z,true
12831,120000,255,2025-02-01T05:43:03Z,true
12831,118000,270,2025-02-01T05:39:11Z,false
12831,115000,255,2025-02-01T05:35:45Z,false
12831,128000,240,2025-02-01T05:30:54Z,false
12831,120000,265,2025-02-01T05:29:37Z,false
12831,120000,260,2025-02-01T05:29:26Z,true
12831,128000,240,2025-02-01T05:28:02Z,false
12831,120000,270,2025-02-01T05:25:55Z,true
12831,112000,280,2025-02-01T05:24:24Z,true
12831,120000,270,2025-02-01T05:23:48Z,true
12831,120000,270,2025-02-01T05:19:28Z,true
12831,114000,275,2025-02-01T05:17:38Z,true
12831,109000,280,2025-02-01T05:17:33Z,false
12831,119000,270,2025-02-01T05:16:20Z,true
12831,111000,290,2025-02-01T05:13:05Z,false
12831,120000,265,2025-02-01T05:04:25Z,false
12831,113000,275,2025-02-01T05:03:48Z,true
12831,128000,265,2025-02-01T04:58:45Z,true
12831,121000,270,2025-02-01T04:58:30Z,true
12831,114000,275,2025-02-01T04:58:04Z,true
12831,117000,270,2025-02-01T04:55:52Z,false
12831,121000,270,2025-02-01T04:55:49Z,true
12831,114000,275,2025-02-01T04:53:58Z,true
12831,108000,270,2025-02-01T04:43:41Z,true
12831,109000,280,2025-02-01T04:34:02Z,false
12831,108000,270,2025-02-01T04:31:28Z,true
12831,108000,280,2025-02-01T04:29:08Z,false
12831,116000,270,2025-02-01T04:27:58Z,false
12831,114000,275,2025-02-01T04:25:24Z,true
12831,122000,270,2025-02-01T04:24:16Z,true
12831,113000,265,2025-02-01T04:22:39Z,true
12831,128000,245,2025-02-01T04:21:57Z,true
12831,114000,275,2025-02-01T04:20:47Z,true
12831,128000,265,2025-02-01T04:17:50Z,true
12831,120000,265,2025-02-01T04:09:38Z,false
12831,118000,250,2025-02-01T04:08:59Z,false
12831,116000,260,2025-02-01T04:07:42Z,false
12831,107000,265,2025-02-01T04:06:35Z,true
12831,115000,260,2025-02-01T04:03:50Z,false
12831,114000,275,2025-02-01T04:02:41Z,true
12831,114000,280,2025-02-01T04:00:59Z,true
12831,120000,270,2025-02-01T04:00:58Z,true
12831,120000,260,2025-02-01T03:59:11Z,true
12831,120000,255,2025-02-01T03:57:26Z,true
12831,120000,265,2025-02-01T03:56:54Z,true
12831,114000,275,2025-02-01T03:51:24Z,true
12831,114000,275,2025-02-01T03:51:00Z,true
12831,119000,270,2025-02-01T03:50:26Z,true
12831,114000,280,2025-02-01T03:50:11Z,true
12831,119000,270,2025-02-01T03:44:52Z,true
12831,104000,285,2025-02-01T03:43:28Z,false
12831,119000,270,2025-02-01T03:37:39Z,true
12831,109000,280,2025-02-01T03:35:59Z,false
12831,120000,265,2025-02-01T03:35:29Z,true
12831,113000,275,2025-02-01T03:34:23Z,true
12831,120000,260,2025-02-01T03:32:38Z,true
12831,120000,265,2025-02-01T03:30:55Z,true
12831,119000,270,2025-02-01T03:27:31Z,true
12831,113000,275,2025-02-01T03:27:28Z,true
12831,113000,275,2025-02-01T03:24:28Z,true
12831,119000,270,2025-02-01T03:20:28Z,true
12831,103000,300,2025-02-01T03:18:51Z,false
12831,119000,270,2025-02-01T03:17:32Z,true
12831,118000,270,2025-02-01T03:12:54Z,true
12831,129000,265,2025-02-01T03:12:52Z,true
12831,113000,275,2025-02-01T03:12:51Z,true
12831,118000,270,2025-02-01T03:12:50Z,true
12831,117000,270,2025-02-01T03:09:54Z,true
12831,118000,270,2025-02-01T03:06:23Z,true
12831,113000,280,2025-02-01T03:03:50Z,true
12831,118000,270,2025-02-01T03:00:23Z,true
12831,118000,270,2025-02-01T02:53:46Z,true
12831,118000,270,2025-02-01T02:50:43Z,true
12831,118000,270,2025-02-01T02:50:34Z,true
12831,113000,275,2025-02-01T02:48:52Z,true
12831,113000,275,2025-02-01T02:48:40Z,true
12831,118000,270,2025-02-01T02:44:36Z,true
12831,118000,270,2025-02-01T02:41:50Z,true
12831,119000,270,2025-02-01T02:39:29Z,true
12831,119000,270,2025-02-01T02:39:14Z,true
12831,113000,275,2025-02-01T02:36:10Z,true
12831,119000,270,2025-02-01T02:35:09Z,true
12831,119000,270,2025-02-01T02:34:48Z,true
12831,107000,260,2025-02-01T02:34:35Z,true
12831,117000,270,2025-02-01T02:34:04Z,false
12831,118000,270,2025-02-01T02:32:50Z,true
12831,110000,265,2025-02-01T02:32:01Z,true
12831,118000,270,2025-02-01T02:30:43Z,true
12831,113000,275,2025-02-01T02:28:51Z,true
12831,117000,270,2025-02-01T02:28:01Z,false
12831,116000,270,2025-02-01T02:25:51Z,false
12831,118000,270,2025-02-01T02:24:41Z,true
12831,119000,270,2025-02-01T02:23:21Z,true
12831,118000,270,2025-02-01T02:21:54Z,true
12831,118000,270,2025-02-01T02:19:48Z,true
12831,119000,270,2025-02-01T02:17:48Z,true
12831,118000,270,2025-02-01T02:16:57Z,true
12831,118000,270,2025-02-01T02:14:47Z,true
12831,109000,280,2025-02-01T02:13:11Z,false
12831,118000,270,2025-02-01T02:06:18Z,true
12831,129000,265,2025-02-01T02:06:17Z,true
12831,119000,270,2025-02-01T01:57:22Z,true
12831,114000,280,2025-02-01T01:49:14Z,true
12831,119000,270,2025-02-01T01:49:05Z,true
12831,107000,270,2025-02-01T01:48:59Z,true
12831,118000,250,2025-02-01T01:42:51Z,false
12831,119000,270,2025-02-01T01:41:40Z,true
12831,105000,300,2025-02-01T01:41:20Z,true
12831,119000,270,2025-02-01T01:35:02Z,true
12831,110000,285,2025-02-01T01:26:54Z,true
12831,119000,270,2025-02-01T01:25:15Z,true
12831,119000,270,2025-02-01T01:24:50Z,true
12831,109000,265,2025-02-01T01:22:26Z,true
12831,123000,260,2025-02-01T01:20:58Z,true
12831,115000,255,2025-02-01T01:17:32Z,false
12831,119000,250,2025-02-01T01:16:06Z,true
12831,119000,270,2025-02-01T01:12:42Z,true
12831,119000,270,2025-02-01T01:06:04Z,true
12831,119000,270,2025-02-01T01:05:08Z,true
12831,119000,270,2025-02-01T00:58:03Z,true
12831,113000,280,2025-02-01T00:56:43Z,true
12831,119000,270,2025-02-01T00:54:48Z,true
12831,118000,295,2025-02-01T00:40:14Z,true
12831,113000,275,2025-02-01T00:39:46Z,true
12831,124000,250,2025-02-01T00:38:18Z,true
12831,113000,280,2025-02-01T00:34:44Z,true
12831,119000,270,2025-02-01T00:33:32Z,true
12831,113000,275,2025-02-01T00:32:35Z,true
12831,119000,270,2025-02-01T00:31:49Z,true
12831,119000,270,2025-02-01T00:30:38Z,true
12831,113000,275,2025-02-01T00:29:20Z,true
12831,119000,270,2025-02-01T00:18:26Z,true
12831,117000,265,2025-02-01T00:16:08Z,false
12831,119000,270,2025-02-01T00:13:48Z,true
12831,119000,270,2025-02-01T00:06:52Z,true
12831,119000,270,2025-02-01T00:05:03Z,true
12831,119000,270,2025-01-31T23:59:01Z,true
12831,116000,270,2025-01-31T23:55:47Z,false
12831,119000,270,2025-01-31T23:54:38Z,true
12831,119000,270,2025-01-31T23:51:19Z,true
12831,115000,260,2025-01-31T23:40:23Z,false
12831,119000,270,2025-01-31T23:32:49Z,true
12831,118000,270,2025-01-31T23:30:59Z,true
12831,114000,280,2025-01-31T23:30:51Z,true
12831,113000,275,2025-01-31T23:28:05Z,true
12831,113000,280,2025-01-31T23:11:31Z,true
12831,110000,285,2025-01-31T23:07:27Z,true
12831,119000,270,2025-01-31T23:02:32Z,true
12831,118000,270,2025-01-31T22:54:55Z,true
12831,118000,270,2025-01-31T22:51:06Z,true
12831,104000,285,2025-01-31T22:35:54Z,false
12831,115000,260,2025-01-31T22:28:55Z,false
12831,119000,270,2025-01-31T22:15:30Z,true
12831,108000,270,2025-01-31T22:08:12Z,true
12831,119000,270,2025-01-31T21:57:06Z,true
12831,119000,270,2025-01-31T21:53:55Z,true
12831,119000,270,2025-01-31T21:49:16Z,true
12831,118000,270,2025-01-31T21:18:20Z,true
12831,113000,275,2025-01-31T20:06:45Z,true
12831,115000,255,2025-01-31T19:30:18Z,false
12831,117000,265,2025-01-31T19:15:08Z,false
12831,113000,265,2025-01-31T19:01:56Z,true
12831,109000,275,2025-01-31T18:56:50Z,true
12831,119000,270,2025-01-31T18:28:46Z,true
12831,104000,285,2025-01-31T18:21:40Z,false
12831,119000,270,2025-01-31T18:07:52Z,true
12831,108000,265,2025-01-31T18:07:49Z,true
12831,104000,290,2025-01-31T18:06:22Z,true
12831,118000,265,2025-01-31T18:04:37Z,false
12831,123000,260,2025-01-31T17:39:42Z,true
12831,104000,285,2025-01-31T17:38:36Z,false
12831,114000,275,2025-01-31T17:37:26Z,false
12831,105000,300,2025-01-31T17:22:37Z,true
12831,119000,270,2025-01-31T17:18:32Z,true
12831,119000,270,2025-01-31T17:14:29Z,true
12831,113000,275,2025-01-31T17:11:07Z,false
12831,118000,245,2025-01-31T17:02:11Z,true
12831,108000,260,2025-01-31T17:00:01Z,true
12831,108000,260,2025-01-31T16:47:58Z,true
12831,119000,270,2025-01-31T16:47:54Z,true
12831,119000,270,2025-01-31T16:43:45Z,true
12831,119000,270,2025-01-31T16:42:13Z,true
12831,119000,270,2025-01-31T16:38:12Z,true
12831,119000,270,2025-01-31T16:33:46Z,true
12831,118000,270,2025-01-31T16:33:05Z,true
12831,118000,270,2025-01-31T16:30:59Z,true
12831,114000,255,2025-01-31T16:28:42Z,false
12831,118000,270,2025-01-31T16:28:41Z,true
12831,118000,270,2025-01-31T16:27:39Z,true
12831,118000,270,2025-01-31T16:24:58Z,true
12831,108000,270,2025-01-31T16:24:24Z,true
12831,118000,270,2025-01-31T16:22:43Z,true
12831,113000,260,2025-01-31T16:15:14Z,true
12831,108000,270,2025-01-31T16:14:44Z,false
12831,118000,270,2025-01-31T16:14:16Z,true
12831,113000,275,2025-01-31T16:10:27Z,true
12831,113000,275,2025-01-31T16:09:07Z,true
12831,118000,270,2025-01-31T16:04:36Z,true
12831,119000,270,2025-01-31T16:02:11Z,true
12831,118000,270,2025-01-31T16:00:39Z,true
12831,118000,250,2025-01-31T15:59:53Z,false
12831,111000,290,2025-01-31T15:59:43Z,false
12831,118000,270,2025-01-31T15:58:25Z,true
12831,119000,270,2025-01-31T15:56:55Z,true
12831,119000,270,2025-01-31T15:56:47Z,true
12831,123000,260,2025-01-31T15:54:44Z,true
12831,118000,270,2025-01-31T15:54:37Z,true
12831,119000,270,2025-01-31T15:51:16Z,true
12831,117000,265,2025-01-31T15:51:03Z,false
12831,119000,270,2025-01-31T15:50:16Z,true
12831,119000,270,2025-01-31T15:49:33Z,true
12831,119000,270,2025-01-31T15:47:56Z,true
12831,119000,270,2025-01-31T15:46:16Z,true
12831,119000,270,2025-01-31T15:44:44Z,true
12831,118000,260,2025-01-31T15:44:10Z,false
12831,117000,265,2025-01-31T15:39:23Z,false
12831,119000,270,2025-01-31T15:37:48Z,true
12831,119000,270,2025-01-31T15:37:33Z,true
12831,119000,270,2025-01-31T15:35:44Z,true
12831,119000,270,2025-01-31T15:34:36Z,true
12831,120000,270,2025-01-31T15:31:43Z,true
12831,120000,270,2025-01-31T15:31:29Z,true
12831,113000,265,2025-01-31T15:30:07Z,true
12831,117000,260,2025-01-31T15:28:30Z,false
12831,120000,270,2025-01-31T15:22:30Z,true
12831,117000,265,2025-01-31T15:21:09Z,false
12831,120000,270,2025-01-31T15:19:41Z,true
12831,120000,270,2025-01-31T15:19:13Z,true
12831,113000,275,2025-01-31T15:17:55Z,true
12831,112000,265,2025-01-31T15:17:44Z,true
12831,117000,270,2025-01-31T15:15:00Z,false
12831,113000,265,2025-01-31T15:13:42Z,true
12831,114000,280,2025-01-31T15:11:17Z,true
12831,123000,260,2025-01-31T15:10:58Z,true
12831,116000,265,2025-01-31T15:10:38Z,false
12831,109000,280,2025-01-31T15:07:29Z,false
12831,116000,270,2025-01-31T15:06:59Z,false
12831,109000,265,2025-01-31T15:01:52Z,true
12831,114000,275,2025-01-31T15:00:47Z,true
12831,122000,260,2025-01-31T15:00:38Z,true
12831,120000,270,2025-01-31T14:57:45Z,true
12831,113000,265,2025-01-31T14:54:29Z,true
12831,117000,260,2025-01-31T14:53:50Z,false
12831,114000,280,2025-01-31T14:51:05Z,true
12831,117000,260,2025-01-31T14:50:59Z,false
12831,117000,265,2025-01-31T14:48:59Z,false
12831,114000,280,2025-01-31T14:44:41Z,true
12831,117000,265,2025-01-31T14:44:19Z,false
12831,120000,270,2025-01-31T14:43:58Z,true
12831,120000,270,2025-01-31T14:41:30Z,true
12831,105000,285,2025-01-31T14:36:54Z,false
12831,113000,275,2025-01-31T14:34:54Z,false
12831,119000,270,2025-01-31T14:34:20Z,true
12831,109000,275,2025-01-31T14:34:02Z,true
12831,113000,275,2025-01-31T14:31:24Z,true
12831,110000,280,2025-01-31T14:29:32Z,false
12831,130000,265,2025-01-31T14:28:46Z,true
12831,114000,255,2025-01-31T14:27:27Z,false
12831,114000,280,2025-01-31T14:26:29Z,true
12831,124000,250,2025-01-31T14:24:43Z,true
12831,109000,265,2025-01-31T14:19:23Z,true
12831,113000,275,2025-01-31T14:16:41Z,true
12831,113000,275,2025-01-31T14:16:17Z,true
12831,113000,275,2025-01-31T14:15:53Z,true
12831,123000,250,2025-01-31T14:14:55Z,true
12831,113000,275,2025-01-31T14:14:28Z,true
12831,113000,275,2025-01-31T14:14:06Z,true
12831,113000,275,2025-01-31T14:13:46Z,true
12831,113000,275,2025-01-31T14:13:22Z,true
12831,119000,270,2025-01-31T14:13:20Z,true
12831,113000,280,2025-01-31T14:13:05Z,true
12831,113000,275,2025-01-31T14:13:00Z,true
12831,113000,275,2025-01-31T14:12:33Z,true
12831,113000,275,2025-01-31T14:12:05Z,true
12831,113000,275,2025-01-31T14:11:41Z,true
12831,113000,275,2025-01-31T14:11:18Z,true
12831,113000,275,2025-01-31T14:11:16Z,true
12831,113000,275,2025-01-31T14:10:55Z,true
12831,113000,275,2025-01-31T14:10:30Z,true
12831,113000,275,2025-01-31T14:10:07Z,true
12831,113000,275,2025-01-31T14:09:43Z,true
12831,130000,265,2025-01-31T14:09:24Z,true
12831,113000,275,2025-01-31T14:09:18Z,true
12831,113000,275,2025-01-31T14:08:43Z,true
12831,113000,275,2025-01-31T14:07:48Z,true
12831,113000,275,2025-01-31T14:06:44Z,true
12831,113000,275,2025-01-31T14:06:21Z,true
12831,113000,275,2025-01-31T14:05:52Z,true
12831,113000,275,2025-01-31T14:05:24Z,true
12831,113000,275,2025-01-31T14:05:03Z,true
12831,113000,275,2025-01-31T14:04:40Z,true
12831,113000,275,2025-01-31T14:04:17Z,true
12831,113000,275,2025-01-31T14:03:56Z,true
12831,113000,275,2025-01-31T14:03:29Z,true
12831,113000,275,2025-01-31T14:03:08Z,true
12831,113000,275,2025-01-31T14:02:47Z,true
12831,113000,275,2025-01-31T14:02:25Z,true
12831,113000,275,2025-01-31T14:02:03Z,true
12831,113000,275,2025-01-31T14:01:39Z,true
12831,113000,275,2025-01-31T14:01:09Z,true
12831,116000,260,2025-01-31T14:00:53Z,false
12831,113000,275,2025-01-31T14:00:50Z,true
12831,113000,275,2025-01-31T14:00:25Z,true
12831,113000,275,2025-01-31T13:59:58Z,true
12831,113000,275,2025-01-31T13:59:34Z,true
12831,113000,275,2025-01-31T13:59:08Z,true
12831,113000,275,2025-01-31T13:58:34Z,true
12831,113000,275,2025-01-31T13:58:04Z,true
12831,117000,270,2025-01-31T13:56:19Z,false
12831,116000,260,2025-01-31T13:54:14Z,false
12831,117000,265,2025-01-31T13:53:16Z,false
12831,123000,320,2025-01-31T13:51:15Z,true
12831,119000,270,2025-01-31T13:50:18Z,true
12831,117000,265,2025-01-31T13:30:29Z,false
12831,114000,255,2025-01-31T13:30:20Z,false
12831,110000,275,2025-01-31T13:29:47Z,true
12831,108000,265,2025-01-31T13:26:25Z,true
12831,105000,275,2025-01-31T13:23:48Z,false
12831,107000,260,2025-01-31T13:21:22Z,true
12831,110000,275,2025-01-31T13:19:10Z,false
12831,109000,265,2025-01-31T13:17:54Z,true
12831,110000,275,2025-01-31T13:16:04Z,false
12831,117000,265,2025-01-31T13:15:25Z,false
12831,119000,270,2025-01-31T13:14:09Z,true
12831,119000,270,2025-01-31T13:11:55Z,true
12831,129000,240,2025-01-31T13:11:34Z,false
12831,117000,265,2025-01-31T13:11:04Z,false
12831,130000,265,2025-01-31T13:06:42Z,true
12831,112000,255,2025-01-31T13:04:48Z,true
12831,109000,270,2025-01-31T13:03:46Z,true
12831,108000,265,2025-01-31T12:55:29Z,true
12831,110000,270,2025-01-31T12:54:36Z,false
12831,115000,290,2025-01-31T12:53:14Z,true
12831,123000,265,2025-01-31T12:51:14Z,true
12831,109000,275,2025-01-31T12:51:03Z,false
12831,109000,275,2025-01-31T12:50:33Z,false
12831,117000,260,2025-01-31T12:45:47Z,false
12831,117000,265,2025-01-31T12:45:41Z,false
12831,117000,265,2025-01-31T12:44:50Z,false
12831,111000,260,2025-01-31T12:42:33Z,true
12831,119000,270,2025-01-31T12:39:32Z,true
12831,110000,255,2025-01-31T12:34:25Z,false
12831,123000,265,2025-01-31T12:31:24Z,true
12831,122000,255,2025-01-31T12:24:40Z,true
12831,110000,270,2025-01-31T12:13:52Z,false
12831,109000,275,2025-01-31T12:12:54Z,false
12831,109000,265,2025-01-31T12:12:20Z,true
12831,106000,260,2025-01-31T12:10:36Z,false
12831,110000,270,2025-01-31T12:09:51Z,false
12831,115000,290,2025-01-31T12:09:30Z,true
12831,103000,285,2025-01-31T11:58:35Z,false
12831,106000,260,2025-01-31T11:57:56Z,false
12831,118000,250,2025-01-31T11:57:03Z,false
12831,119000,270,2025-01-31T11:55:26Z,true
12831,118000,250,2025-01-31T11:55:17Z,false
12831,117000,265,2025-01-31T11:52:59Z,false
12831,122000,260,2025-01-31T11:50:03Z,true
12831,115000,290,2025-01-31T11:48:14Z,true
12831,115000,290,2025-01-31T11:47:50Z,true
12831,111000,255,2025-01-31T11:45:55Z,true
12831,103000,285,2025-01-31T11:39:52Z,false
12831,110000,280,2025-01-31T11:38:36Z,false
12831,106000,260,2025-01-31T11:36:59Z,false
12831,111000,285,2025-01-31T11:36:33Z,true
12831,117000,265,2025-01-31T11:34:15Z,false
12831,104000,285,2025-01-31T11:33:24Z,true
12831,102000,285,2025-01-31T11:33:20Z,false
12831,105000,260,2025-01-31T11:32:30Z,false
12831,110000,270,2025-01-31T11:31:34Z,true
12831,113000,275,2025-01-31T11:30:56Z,true
12831,110000,270,2025-01-31T11:28:15Z,false
12831,117000,265,2025-01-31T11:25:20Z,false
12831,122000,255,2025-01-31T11:24:55Z,true
12831,123000,265,2025-01-31T11:24:35Z,true
12831,109000,270,2025-01-31T11:23:31Z,false
12831,105000,260,2025-01-31T11:21:24Z,false
12831,118000,270,2025-01-31T11:18:33Z,true
12831,101000,285,2025-01-31T11:17:15Z,false
12831,114000,280,2025-01-31T11:16:55Z,true
12831,116000,265,2025-01-31T11:16:10Z,false
12831,122000,250,2025-01-31T11:06:07Z,true
12831,114000,280,2025-01-31T11:05:19Z,true
12831,113000,280,2025-01-31T11:04:06Z,true
12831,110000,285,2025-01-31T11:02:05Z,true
12831,109000,270,2025-01-31T11:01:49Z,false
12831,108000,275,2025-01-31T11:00:53Z,false
12831,122000,260,2025-01-31T11:00:28Z,true
12831,118000,270,2025-01-31T10:57:18Z,true
12831,109000,270,2025-01-31T10:55:43Z,false
12831,118000,270,2025-01-31T10:52:25Z,true
12831,116000,265,2025-01-31T10:50:49Z,false
12831,118000,270,2025-01-31T10:46:47Z,true
12831,113000,275,2025-01-31T10:46:21Z,true
12831,108000,275,2025-01-31T10:44:52Z,false
12831,105000,300,2025-01-31T10:43:14Z,true
12831,118000,270,2025-01-31T10:42:34Z,true
12831,113000,275,2025-01-31T10:42:21Z,true
12831,109000,270,2025-01-31T10:41:49Z,false
12831,109000,280,2025-01-31T10:41:47Z,false
12831,108000,270,2025-01-31T10:35:37Z,false
12831,103000,300,2025-01-31T10:33:33Z,false
12831,108000,270,2025-01-31T10:29:24Z,false
12831,109000,280,2025-01-31T10:26:41Z,false
12831,115000,290,2025-01-31T10:19:08Z,true
12831,107000,260,2025-01-31T10:11:22Z,true
12831,105000,260,2025-01-31T10:10:44Z,false
12831,109000,280,2025-01-31T10:09:32Z,false
12831,109000,275,2025-01-31T10:09:03Z,true
12831,107000,265,2025-01-31T10:08:30Z,false
12831,108000,270,2025-01-31T10:07:28Z,false
12831,105000,260,2025-01-31T10:05:16Z,false
12831,109000,265,2025-01-31T10:01:02Z,true
12831,130000,245,2025-01-31T10:00:32Z,true
12831,107000,260,2025-01-31T09:59:46Z,true
12831,119000,270,2025-01-31T09:58:32Z,true
12831,101000,285,2025-01-31T09:56:25Z,false
12831,109000,270,2025-01-31T09:56:15Z,false
12831,110000,265,2025-01-31T09:56:13Z,false
12831,129000,245,2025-01-31T09:50:35Z,true
12831,122000,265,2025-01-31T09:46:56Z,true
12831,113000,275,2025-01-31T09:46:48Z,true
12831,116000,270,2025-01-31T09:43:47Z,false
12831,123000,260,2025-01-31T09:43:00Z,true
12831,119000,270,2025-01-31T09:42:12Z,true
12831,122000,265,2025-01-31T09:40:08Z,true
12831,107000,260,2025-01-31T09:34:46Z,true
12831,122000,265,2025-01-31T09:34:44Z,true
12831,112000,295,2025-01-31T09:30:23Z,false
12831,119000,270,2025-01-31T09:29:40Z,true
12831,107000,260,2025-01-31T09:25:53Z,true
12831,129000,240,2025-01-31T09:24:50Z,false
12831,106000,260,2025-01-31T09:24:49Z,true
12831,116000,270,2025-01-31T09:23:54Z,false
12831,111000,260,2025-01-31T09:23:44Z,true
12831,122000,265,2025-01-31T09:20:29Z,true
12831,113000,275,2025-01-31T09:17:45Z,true
12831,112000,280,2025-01-31T09:11:22Z,true
12831,122000,265,2025-01-31T09:08:48Z,true
12831,113000,275,2025-01-31T09:03:45Z,true
12831,132000,240,2025-01-31T09:01:23Z,true
12831,131000,240,2025-01-31T09:00:26Z,true
12831,119000,270,2025-01-31T08:59:59Z,true
12831,116000,270,2025-01-31T08:55:27Z,false
12831,123000,260,2025-01-31T08:54:20Z,true
12831,116000,270,2025-01-31T08:53:19Z,false
12831,119000,270,2025-01-31T08:52:53Z,true
12831,111000,280,2025-01-31T08:52:31Z,true
12831,118000,270,2025-01-31T08:47:28Z,true
12831,108000,275,2025-01-31T08:45:00Z,true
12831,111000,280,2025-01-31T08:38:04Z,true
12831,111000,280,2025-01-31T08:35:29Z,true
12831,117000,265,2025-01-31T08:33:38Z,false
12831,122000,260,2025-01-31T08:32:38Z,true
12831,109000,270,2025-01-31T08:32:19Z,false
12831,117000,265,2025-01-31T08:30:09Z,false
12831,111000,280,2025-01-31T08:26:11Z,true
12831,111000,280,2025-01-31T08:15:48Z,true
12831,113000,275,2025-01-31T08:13:33Z,true
12831,111000,280,2025-01-31T08:13:20Z,true
12831,122000,265,2025-01-31T08:13:08Z,true
12831,112000,280,2025-01-31T08:12:49Z,false
12831,117000,265,2025-01-31T08:07:54Z,false
12831,119000,270,2025-01-31T08:07:27Z,true
12831,110000,270,2025-01-31T08:02:39Z,true
12831,113000,275,2025-01-31T07:59:23Z,true
12831,117000,260,2025-01-31T07:55:16Z,false
12831,115000,275,2025-01-31T07:50:51Z,false
12831,119000,270,2025-01-31T07:50:08Z,true
12831,116000,270,2025-01-31T07:48:12Z,false
12831,115000,290,2025-01-31T07:43:15Z,true
12831,124000,255,2025-01-31T07:42:46Z,true
12831,110000,285,2025-01-31T07:36:44Z,true
12831,122000,260,2025-01-31T07:34:48Z,true
12831,119000,270,2025-01-31T07:33:43Z,true
12831,119000,270,2025-01-31T07:32:35Z,true
12831,115000,270,2025-01-31T07:27:43Z,false
12831,117000,260,2025-01-31T07:25:48Z,false
12831,117000,265,2025-01-31T07:25:48Z,false
12831,113000,275,2025-01-31T07:25:48Z,true
12831,114000,245,2025-01-31T07:21:23Z,false
12831,106000,260,2025-01-31T07:19:25Z,true
12831,131000,240,2025-01-31T07:17:47Z,true
12831,114000,255,2025-01-31T07:17:45Z,false
12831,113000,275,2025-01-31T07:11:07Z,true
12831,122000,265,2025-01-31T07:09:43Z,true
12831,113000,275,2025-01-31T07:05:45Z,true
12831,111000,280,2025-01-31T07:03:44Z,true
12831,110000,280,2025-01-31T06:59:24Z,true
12831,118000,270,2025-01-31T06:58:55Z,true
12831,120000,260,2025-01-31T06:52:36Z,true
12831,120000,260,2025-01-31T06:51:45Z,true
12831,120000,260,2025-01-31T06:41:41Z,true
12831,102000,285,2025-01-31T06:38:45Z,true
12831,107000,280,2025-01-31T06:34:02Z,false
12831,113000,275,2025-01-31T06:31:00Z,true
12831,118000,270,2025-01-31T06:29:00Z,true
12831,120000,260,2025-01-31T06:20:52Z,true
12831,109000,265,2025-01-31T06:20:10Z,true
12831,117000,265,2025-01-31T06:19:14Z,false
12831,111000,280,2025-01-31T06:16:13Z,true
12831,108000,265,2025-01-31T06:14:48Z,true
12831,124000,255,2025-01-31T06:12:55Z,true
12831,110000,285,2025-01-31T06:12:19Z,true
12831,117000,250,2025-01-31T06:10:10Z,false
12831,118000,270,2025-01-31T06:09:06Z,true
12831,124000,255,2025-01-31T06:07:22Z,true
12831,111000,290,2025-01-31T06:04:36Z,false
12831,118000,270,2025-01-31T06:04:20Z,true
12831,115000,290,2025-01-31T06:04:08Z,true
12831,115000,270,2025-01-31T06:00:38Z,false
12831,111000,280,2025-01-31T05:59:28Z,true
12831,113000,275,2025-01-31T05:55:33Z,true
12831,110000,270,2025-01-31T05:51:24Z,true
12831,118000,270,2025-01-31T05:49:57Z,true
12831,111000,280,2025-01-31T05:48:50Z,false
12831,113000,275,2025-01-31T05:43:00Z,true
12831,113000,275,2025-01-31T05:42:35Z,true
12831,113000,275,2025-01-31T05:42:26Z,true
12831,110000,275,2025-01-31T05:42:25Z,true
12831,110000,285,2025-01-31T05:36:55Z,true
12831,110000,285,2025-01-31T05:35:27Z,true
12831,110000,280,2025-01-31T05:32:05Z,true
12831,122000,265,2025-01-31T05:30:07Z,true
12831,118000,260,2025-01-31T05:28:23Z,false
12831,104000,290,2025-01-31T05:26:18Z,true
12831,111000,280,2025-01-31T05:23:13Z,true
12831,113000,275,2025-01-31T05:18:36Z,true
12831,120000,260,2025-01-31T05:16:39Z,true
12831,128000,245,2025-01-31T05:09:05Z,true
12831,104000,300,2025-01-31T05:02:50Z,false
12831,111000,280,2025-01-31T05:02:48Z,true
12831,120000,260,2025-01-31T05:01:14Z,true
12831,122000,265,2025-01-31T04:55:07Z,true
12831,122000,250,2025-01-31T04:53:37Z,true
12831,113000,275,2025-01-31T04:53:11Z,true
12831,111000,275,2025-01-31T04:50:28Z,true
12831,116000,265,2025-01-31T04:50:13Z,false
12831,115000,250,2025-01-31T04:47:17Z,false
12831,122000,265,2025-01-31T04:46:51Z,true
12831,113000,275,2025-01-31T04:46:22Z,true
12831,115000,265,2025-01-31T04:46:11Z,false
12831,118000,270,2025-01-31T04:45:35Z,true
12831,122000,255,2025-01-31T04:42:53Z,true
12831,113000,275,2025-01-31T04:38:26Z,true
12831,122000,265,2025-01-31T04:37:26Z,true
12831,109000,270,2025-01-31T04:33:06Z,true
12831,110000,270,2025-01-31T04:31:32Z,true
12831,113000,275,2025-01-31T04:26:48Z,true
12831,115000,260,2025-01-31T04:26:47Z,false
12831,110000,280,2025-01-31T04:21:38Z,true
12831,106000,260,2025-01-31T04:20:38Z,true
12831,114000,260,2025-01-31T04:20:06Z,false
12831,108000,285,2025-01-31T04:13:59Z,false
12831,109000,260,2025-01-31T04:12:04Z,true
12831,110000,285,2025-01-31T04:08:33Z,true
12831,111000,280,2025-01-31T04:05:20Z,true
12831,114000,265,2025-01-31T04:03:39Z,false
12831,120000,260,2025-01-31T04:00:06Z,true
12831,113000,275,2025-01-31T03:59:10Z,true
12831,107000,290,2025-01-31T03:55:21Z,true
12831,99000,255,2025-01-31T03:51:13Z,true
12831,114000,265,2025-01-31T03:46:54Z,false
12831,113000,265,2025-01-31T03:44:24Z,false
12831,118000,270,2025-01-31T03:43:44Z,true
12831,120000,260,2025-01-31T03:42:27Z,true
12831,109000,275,2025-01-31T03:42:18Z,true
12831,111000,290,2025-01-31T03:41:55Z,false
12831,113000,275,2025-01-31T03:27:41Z,true
12831,121000,265,2025-01-31T03:26:01Z,true
12831,110000,285,2025-01-31T03:20:32Z,true
12831,116000,310,2025-01-31T03:19:04Z,false
12831,110000,280,2025-01-31T03:17:07Z,false
12831,114000,270,2025-01-31T03:14:41Z,false
12831,109000,270,2025-01-31T03:01:07Z,true
12831,115000,290,2025-01-31T02:52:05Z,true
12831,115000,260,2025-01-31T02:49:00Z,false
12831,110000,280,2025-01-31T02:46:01Z,true
12831,111000,280,2025-01-31T02:43:39Z,false
12831,113000,265,2025-01-31T02:41:15Z,false
12831,114000,270,2025-01-31T02:21:52Z,false
12831,108000,275,2025-01-31T02:21:43Z,true
12831,113000,275,2025-01-31T02:14:12Z,true
12831,108000,275,2025-01-31T02:11:27Z,true
12831,129000,240,2025-01-31T02:07:55Z,false
12831,113000,275,2025-01-31T02:01:26Z,true
12831,111000,280,2025-01-31T01:42:13Z,true
12831,108000,285,2025-01-31T01:38:43Z,false
12831,118000,270,2025-01-31T01:36:39Z,true
12831,115000,270,2025-01-31T01:33:40Z,false
12831,106000,260,2025-01-31T01:30:45Z,true
12831,111000,280,2025-01-31T01:30:37Z,true
12831,110000,280,2025-01-31T01:29:55Z,true
12831,108000,285,2025-01-31T01:26:50Z,false
12831,113000,275,2025-01-31T01:24:41Z,true
12831,121000,265,2025-01-31T01:24:36Z,true
12831,121000,265,2025-01-31T01:22:59Z,true
12831,109000,265,2025-01-31T01:21:14Z,true
12831,120000,260,2025-01-31T01:19:13Z,true
12831,110000,280,2025-01-31T01:19:03Z,true
12831,129000,245,2025-01-31T01:18:28Z,true
12831,131000,240,2025-01-31T01:17:52Z,true
12831,113000,275,2025-01-31T01:16:17Z,true
12831,120000,260,2025-01-31T01:16:04Z,true
12831,113000,275,2025-01-31T01:14:18Z,true
12831,113000,275,2025-01-31T01:08:44Z,true
12831,109000,270,2025-01-31T01:03:38Z,true
12831,116000,260,2025-01-31T00:55:06Z,false
12831,122000,265,2025-01-31T00:55:00Z,true
12831,114000,265,2025-01-31T00:49:50Z,false
12831,114000,270,2025-01-31T00:23:23Z,false
12831,120000,260,2025-01-31T00:17:32Z,true
12831,119000,270,2025-01-31T00:12:59Z,true
12831,119000,260,2025-01-31T00:05:15Z,true
12831,129000,240,2025-01-31T00:01:55Z,false
12831,106000,260,2025-01-31T00:01:50Z,true
12831,119000,270,2025-01-30T23:47:35Z,true
12831,119000,270,2025-01-30T23:45:53Z,true
12831,129000,245,2025-01-30T23:35:05Z,true
12831,109000,285,2025-01-30T23:27:50Z,true
12831,119000,260,2025-01-30T23:27:42Z,true
12831,114000,270,2025-01-30T23:21:30Z,false
12831,118000,270,2025-01-30T23:01:39Z,true
12831,114000,270,2025-01-30T22:53:26Z,false
12831,113000,275,2025-01-30T22:29:58Z,true
12831,104000,290,2025-01-30T22:29:03Z,true
12831,108000,285,2025-01-30T22:25:04Z,false
12831,110000,270,2025-01-30T22:03:35Z,true
12831,112000,275,2025-01-30T21:38:13Z,true
12831,113000,270,2025-01-30T21:33:22Z,false
12831,114000,265,2025-01-30T21:30:28Z,false
12831,114000,255,2025-01-30T21:10:08Z,true
12831,116000,260,2025-01-30T20:50:21Z,false
12831,105000,290,2025-01-30T20:41:35Z,true
12831,105000,300,2025-01-30T20:37:35Z,true
12831,119000,270,2025-01-30T20:31:39Z,true
12831,114000,255,2025-01-30T19:59:33Z,true
12831,111000,255,2025-01-30T19:57:55Z,true
12831,113000,270,2025-01-30T19:55:27Z,false
12831,113000,270,2025-01-30T19:37:03Z,false
12831,113000,275,2025-01-30T19:26:53Z,false
12831,119000,270,2025-01-30T19:06:36Z,true
12831,108000,285,2025-01-30T19:05:35Z,false
12831,112000,275,2025-01-30T18:50:02Z,true
12831,110000,285,2025-01-30T18:45:56Z,true
12831,112000,270,2025-01-30T18:44:00Z,false
12831,112000,275,2025-01-30T18:43:19Z,true
12831,118000,270,2025-01-30T18:38:16Z,true
12831,116000,260,2025-01-30T18:33:19Z,false
12831,109000,275,2025-01-30T18:25:08Z,true
12831,118000,270,2025-01-30T18:07:37Z,true
12831,111000,270,2025-01-30T18:05:30Z,true
12831,111000,275,2025-01-30T17:47:21Z,true
12831,119000,260,2025-01-30T17:46:47Z,true
12831,109000,270,2025-01-30T17:42:15Z,true
12831,129000,245,2025-01-30T17:36:53Z,true
12831,110000,280,2025-01-30T17:30:53Z,true
12831,114000,255,2025-01-30T17:28:37Z,true
12831,112000,280,2025-01-30T17:20:39Z,false
12831,114000,265,2025-01-30T17:08:41Z,false
12831,115000,255,2025-01-30T17:07:06Z,false
12831,121000,265,2025-01-30T17:03:26Z,true
12831,117000,270,2025-01-30T16:54:56Z,true
12831,105000,300,2025-01-30T16:43:54Z,true
12831,108000,275,2025-01-30T16:41:03Z,true
12831,112000,270,2025-01-30T16:40:23Z,false
12831,113000,275,2025-01-30T16:40:01Z,true
12831,110000,285,2025-01-30T16:33:00Z,true
12831,122000,250,2025-01-30T16:28:39Z,true
12831,111000,270,2025-01-30T16:25:08Z,false
12831,110000,270,2025-01-30T16:21:04Z,true
12831,129000,240,2025-01-30T16:11:26Z,false
12831,111000,280,2025-01-30T16:09:00Z,false
12831,106000,260,2025-01-30T16:05:49Z,true
12831,113000,275,2025-01-30T16:05:38Z,true
12831,129000,240,2025-01-30T16:04:32Z,false
12831,110000,280,2025-01-30T16:02:23Z,true
12831,112000,265,2025-01-30T16:01:32Z,true
12831,112000,275,2025-01-30T16:00:46Z,false
12831,122000,250,2025-01-30T15:51:07Z,true
12831,129000,245,2025-01-30T15:47:33Z,true
12831,108000,275,2025-01-30T15:45:40Z,true
12831,114000,255,2025-01-30T15:45:04Z,true
12831,113000,270,2025-01-30T15:43:55Z,false
12831,118000,270,2025-01-30T15:34:22Z,true
12831,108000,285,2025-01-30T15:33:57Z,false
12831,131000,240,2025-01-30T15:31:27Z,true
12831,102000,285,2025-01-30T15:31:05Z,true
12831,109000,270,2025-01-30T15:27:27Z,true
12831,110000,280,2025-01-30T15:23:53Z,true
12831,113000,260,2025-01-30T15:21:22Z,true
12831,117000,270,2025-01-30T15:21:02Z,true
12831,113000,275,2025-01-30T15:19:50Z,true
12831,114000,265,2025-01-30T15:12:55Z,false
12831,114000,255,2025-01-30T15:12:12Z,true
12831,112000,270,2025-01-30T15:12:10Z,false
12831,111000,270,2025-01-30T15:01:56Z,false
12831,106000,300,2025-01-30T14:56:55Z,true
12831,111000,275,2025-01-30T14:55:08Z,false
12831,117000,270,2025-01-30T14:51:54Z,true
12831,109000,260,2025-01-30T14:51:27Z,true
12831,113000,275,2025-01-30T14:49:38Z,true
12831,122000,265,2025-01-30T14:47:35Z,true
12831,112000,275,2025-01-30T14:47:15Z,true
12831,120000,265,2025-01-30T14:45:35Z,true
12831,111000,280,2025-01-30T14:44:00Z,true
12831,112000,270,2025-01-30T14:43:10Z,false
12831,115000,265,2025-01-30T14:33:31Z,false
12831,122000,250,2025-01-30T14:33:15Z,true
12831,112000,270,2025-01-30T14:32:44Z,false
12831,119000,265,2025-01-30T14:32:27Z,true
12831,111000,280,2025-01-30T14:26:58Z,true
12831,115000,270,2025-01-30T14:25:43Z,true
12831,108000,285,2025-01-30T14:24:06Z,false
12831,116000,270,2025-01-30T14:23:04Z,true
12831,112000,275,2025-01-30T14:21:05Z,false
12831,112000,270,2025-01-30T14:19:19Z,false
12831,116000,270,2025-01-30T14:19:11Z,true
12831,111000,260,2025-01-30T14:18:45Z,true
12831,114000,255,2025-01-30T14:16:35Z,true
12831,122000,250,2025-01-30T14:15:28Z,true
12831,111000,280,2025-01-30T14:13:26Z,true
12831,107000,285,2025-01-30T14:11:30Z,false
12831,108000,260,2025-01-30T14:10:07Z,true
12831,115000,260,2025-01-30T14:09:14Z,false
12831,114000,260,2025-01-30T14:08:02Z,false
12831,113000,275,2025-01-30T14:07:08Z,true
12831,112000,270,2025-01-30T14:06:17Z,false
12831,110000,265,2025-01-30T14:06:09Z,true
12831,117000,270,2025-01-30T14:04:43Z,true
12831,109000,265,2025-01-30T14:03:33Z,true
12831,120000,265,2025-01-30T14:03:15Z,true
12831,113000,275,2025-01-30T14:02:16Z,true
12831,118000,265,2025-01-30T14:01:19Z,true
12831,111000,280,2025-01-30T13:56:34Z,true
12831,118000,265,2025-01-30T13:47:57Z,true
12831,114000,255,2025-01-30T13:45:35Z,true
12831,114000,255,2025-01-30T13:44:44Z,true
12831,113000,260,2025-01-30T13:39:58Z,false
12831,120000,245,2025-01-30T13:39:37Z,true
12831,113000,270,2025-01-30T13:37:54Z,false
12831,116000,270,2025-01-30T13:34:21Z,true
12831,113000,275,2025-01-30T13:33:43Z,false
12831,110000,285,2025-01-30T13:32:09Z,true
12831,113000,275,2025-01-30T13:31:33Z,true
12831,122000,250,2025-01-30T13:29:36Z,true
12831,111000,280,2025-01-30T13:28:52Z,true
12831,108000,270,2025-01-30T13:28:04Z,true
12831,108000,260,2025-01-30T13:27:36Z,true
12831,111000,280,2025-01-30T13:26:48Z,true
12831,116000,270,2025-01-30T13:25:41Z,true
12831,111000,280,2025-01-30T13:23:57Z,true
12831,119000,265,2025-01-30T13:23:46Z,true
12831,117000,265,2025-01-30T13:22:11Z,false
12831,108000,265,2025-01-30T13:21:40Z,true
12831,119000,265,2025-01-30T13:20:45Z,true
12831,110000,280,2025-01-30T13:10:53Z,true
12831,116000,270,2025-01-30T13:09:21Z,true
12831,113000,270,2025-01-30T13:03:52Z,false
12831,109000,270,2025-01-30T13:01:34Z,true
12831,111000,280,2025-01-30T13:01:01Z,true
12831,103000,290,2025-01-30T12:58:25Z,true
12831,130000,240,2025-01-30T12:52:30Z,false
12831,109000,270,2025-01-30T12:52:01Z,true
12831,103000,260,2025-01-30T12:50:53Z,true
12831,113000,260,2025-01-30T12:47:34Z,false
12831,119000,265,2025-01-30T12:47:30Z,true
12831,116000,270,2025-01-30T12:47:08Z,true
12831,120000,260,2025-01-30T12:47:05Z,true
12831,109000,275,2025-01-30T12:46:01Z,true
12831,108000,265,2025-01-30T12:42:58Z,true
12831,113000,260,2025-01-30T12:42:52Z,false
12831,130000,245,2025-01-30T12:42:28Z,true
12831,117000,265,2025-01-30T12:41:45Z,false
12831,116000,270,2025-01-30T12:33:52Z,true
12831,115000,250,2025-01-30T12:31:08Z,false
12831,114000,255,2025-01-30T12:30:54Z,true
12831,110000,285,2025-01-30T12:30:25Z,true
12831,113000,270,2025-01-30T12:28:41Z,false
12831,116000,270,2025-01-30T12:24:12Z,true
12831,118000,260,2025-01-30T12:21:11Z,true
12831,111000,280,2025-01-30T12:21:00Z,true
12831,112000,270,2025-01-30T12:20:36Z,false
12831,115000,270,2025-01-30T12:16:09Z,true
12831,107000,285,2025-01-30T12:15:08Z,false
12831,116000,265,2025-01-30T12:11:52Z,false
12831,118000,260,2025-01-30T12:10:32Z,true
12831,118000,260,2025-01-30T12:10:29Z,true
12831,113000,275,2025-01-30T12:09:11Z,false
12831,114000,255,2025-01-30T12:08:28Z,true
12831,114000,255,2025-01-30T12:06:30Z,true
12831,112000,270,2025-01-30T12:06:05Z,false
12831,129000,245,2025-01-30T12:05:48Z,false
12831,119000,265,2025-01-30T12:04:27Z,true
12831,119000,265,2025-01-30T12:02:24Z,true
12831,113000,275,2025-01-30T11:59:35Z,true
12831,115000,270,2025-01-30T11:58:26Z,true
12831,115000,265,2025-01-30T11:57:15Z,false
12831,122000,250,2025-01-30T11:55:22Z,true
12831,115000,265,2025-01-30T11:53:59Z,false
12831,107000,275,2025-01-30T11:51:32Z,true
12831,113000,265,2025-01-30T11:51:21Z,true
12831,111000,280,2025-01-30T11:50:25Z,true
12831,110000,285,2025-01-30T11:49:12Z,true
12831,112000,270,2025-01-30T11:46:36Z,false
12831,119000,265,2025-01-30T11:46:34Z,true
12831,130000,245,2025-01-30T11:43:14Z,true
12831,115000,270,2025-01-30T11:43:09Z,true
12831,111000,270,2025-01-30T11:40:27Z,false
12831,111000,255,2025-01-30T11:39:47Z,true
12831,118000,260,2025-01-30T11:36:10Z,true
12831,119000,265,2025-01-30T11:34:58Z,true
12831,115000,270,2025-01-30T11:31:13Z,true
12831,115000,270,2025-01-30T11:30:28Z,true
12831,113000,275,2025-01-30T11:30:17Z,true
12831,119000,265,2025-01-30T11:28:48Z,true
12831,111000,280,2025-01-30T11:27:39Z,true
12831,115000,270,2025-01-30T11:26:25Z,true
12831,118000,260,2025-01-30T11:26:03Z,true
12831,112000,260,2025-01-30T11:25:58Z,false
12831,115000,270,2025-01-30T11:25:23Z,true
12831,118000,265,2025-01-30T11:21:41Z,true
12831,113000,275,2025-01-30T11:18:36Z,true
12831,118000,260,2025-01-30T11:14:07Z,true
12831,113000,260,2025-01-30T11:13:34Z,false
12831,109000,270,2025-01-30T11:12:43Z,true
12831,110000,280,2025-01-30T11:11:01Z,true
12831,102000,290,2025-01-30T11:10:13Z,true
12831,115000,265,2025-01-30T11:08:14Z,false
12831,110000,280,2025-01-30T11:07:52Z,true
12831,113000,275,2025-01-30T11:05:55Z,true
12831,115000,270,2025-01-30T11:05:27Z,true
12831,113000,275,2025-01-30T11:04:41Z,true
12831,130000,245,2025-01-30T11:02:23Z,true
12831,113000,275,2025-01-30T11:01:33Z,true
12831,114000,250,2025-01-30T11:01:31Z,false
12831,110000,280,2025-01-30T11:01:25Z,true
12831,111000,255,2025-01-30T11:01:05Z,true
12831,118000,260,2025-01-30T11:00:23Z,true
12831,118000,260,2025-01-30T10:58:47Z,true
12831,113000,275,2025-01-30T10:57:24Z,true
12831,113000,275,2025-01-30T10:54:19Z,true
12831,111000,280,2025-01-30T10:52:44Z,true
12831,115000,270,2025-01-30T10:50:43Z,true
12831,113000,275,2025-01-30T10:50:40Z,false
12831,111000,280,2025-01-30T10:43:25Z,true
12831,118000,260,2025-01-30T10:42:11Z,true
12831,112000,270,2025-01-30T10:42:05Z,false
12831,115000,270,2025-01-30T10:41:43Z,true
12831,129000,240,2025-01-30T10:41:06Z,false
12831,114000,265,2025-01-30T10:40:13Z,false
12831,113000,275,2025-01-30T10:39:11Z,true
12831,115000,270,2025-01-30T10:38:09Z,true
12831,113000,265,2025-01-30T10:35:59Z,false
12831,108000,270,2025-01-30T10:33:00Z,true
12831,112000,265,2025-01-30T10:32:40Z,false
12831,111000,270,2025-01-30T10:31:07Z,false
12831,111000,280,2025-01-30T10:28:44Z,true
12831,118000,265,2025-01-30T10:27:55Z,true
12831,113000,275,2025-01-30T10:27:43Z,true
12831,115000,290,2025-01-30T10:26:06Z,true
12831,111000,280,2025-01-30T10:25:44Z,true
12831,109000,275,2025-01-30T10:25:14Z,true
12831,110000,270,2025-01-30T10:21:34Z,true
12831,113000,275,2025-01-30T10:17:13Z,false
12831,104000,290,2025-01-30T10:16:50Z,true
12831,115000,270,2025-01-30T10:15:11Z,true
12831,112000,265,2025-01-30T10:14:09Z,false
12831,115000,270,2025-01-30T10:13:33Z,true
12831,114000,255,2025-01-30T10:12:26Z,true
12831,112000,275,2025-01-30T10:11:30Z,false
12831,121000,250,2025-01-30T10:10:42Z,true
12831,110000,275,2025-01-30T10:10:34Z,false
12831,118000,260,2025-01-30T10:08:09Z,true
12831,114000,255,2025-01-30T10:07:52Z,true
12831,114000,270,2025-01-30T10:06:25Z,true
12831,110000,285,2025-01-30T10:06:09Z,true
12831,111000,275,2025-01-30T10:01:18Z,false
12831,117000,260,2025-01-30T09:59:45Z,true
12831,108000,285,2025-01-30T09:59:05Z,false
12831,114000,260,2025-01-30T09:58:42Z,false
12831,107000,270,2025-01-30T09:56:21Z,true
12831,122000,265,2025-01-30T09:55:31Z,true
12831,111000,270,2025-01-30T09:54:02Z,false
12831,113000,275,2025-01-30T09:49:48Z,true
12831,110000,270,2025-01-30T09:47:37Z,false
12831,115000,290,2025-01-30T09:46:34Z,true
12831,113000,260,2025-01-30T09:43:30Z,false
12831,109000,265,2025-01-30T09:43:15Z,true
12831,117000,260,2025-01-30T09:43:04Z,true
12831,109000,275,2025-01-30T09:37:27Z,true
12831,113000,275,2025-01-30T09:36:46Z,true
12831,122000,265,2025-01-30T09:35:36Z,true
12831,106000,260,2025-01-30T09:35:19Z,true
12831,113000,260,2025-01-30T09:34:52Z,false
12831,114000,270,2025-01-30T09:33:53Z,true
12831,115000,250,2025-01-30T09:31:43Z,false
12831,114000,270,2025-01-30T09:27:08Z,true
12831,112000,275,2025-01-30T09:26:29Z,true
12831,125000,240,2025-01-30T09:26:07Z,true
12831,109000,285,2025-01-30T09:25:56Z,true
12831,110000,270,2025-01-30T09:25:02Z,true
12831,111000,280,2025-01-30T09:23:19Z,true
12831,122000,265,2025-01-30T09:21:46Z,true
12831,122000,265,2025-01-30T09:20:35Z,true
12831,117000,260,2025-01-30T09:16:36Z,true
12831,122000,265,2025-01-30T09:10:06Z,true
12831,114000,250,2025-01-30T09:09:28Z,false
12831,114000,270,2025-01-30T09:06:24Z,true
12831,111000,280,2025-01-30T09:03:54Z,true
12831,114000,270,2025-01-30T09:03:09Z,true
12831,112000,275,2025-01-30T08:59:26Z,true
12831,112000,275,2025-01-30T08:58:07Z,true
12831,117000,260,2025-01-30T08:53:08Z,true
12831,112000,275,2025-01-30T08:52:32Z,true
12831,112000,275,2025-01-30T08:48:43Z,true
12831,109000,265,2025-01-30T08:48:26Z,true
12831,110000,255,2025-01-30T08:47:15Z,true
12831,112000,275,2025-01-30T08:44:19Z,true
12831,114000,260,2025-01-30T08:42:25Z,false
12831,117000,260,2025-01-30T08:42:20Z,true
12831,117000,260,2025-01-30T08:41:41Z,true
12831,114000,270,2025-01-30T08:39:55Z,true
12831,112000,275,2025-01-30T08:39:40Z,true
12831,112000,275,2025-01-30T08:38:30Z,true
12831,128000,240,2025-01-30T08:34:55Z,true
12831,115000,265,2025-01-30T08:34:46Z,false
12831,109000,275,2025-01-30T08:32:55Z,true
12831,122000,265,2025-01-30T08:32:24Z,true
12831,112000,275,2025-01-30T08:29:04Z,true
12831,110000,285,2025-01-30T08:27:50Z,true
12831,117000,260,2025-01-30T08:26:21Z,true
12831,110000,270,2025-01-30T08:26:21Z,true
12831,108000,285,2025-01-30T08:26:16Z,false
12831,113000,260,2025-01-30T08:25:52Z,true
12831,113000,265,2025-01-30T08:24:44Z,true
12831,107000,290,2025-01-30T08:23:44Z,true
12831,114000,255,2025-01-30T08:23:15Z,true
12831,109000,285,2025-01-30T08:22:24Z,true
12831,107000,275,2025-01-30T08:21:31Z,true
12831,114000,270,2025-01-30T08:21:23Z,true
12831,111000,280,2025-01-30T08:21:01Z,true
12831,117000,260,2025-01-30T08:21:00Z,true
12831,112000,275,2025-01-30T08:20:22Z,true
12831,112000,275,2025-01-30T08:19:29Z,true
12831,111000,280,2025-01-30T08:16:45Z,true
12831,112000,275,2025-01-30T08:16:22Z,true
12831,111000,270,2025-01-30T08:14:06Z,false
12831,112000,275,2025-01-30T08:13:41Z,true
12831,116000,265,2025-01-30T08:13:01Z,false
12831,111000,280,2025-01-30T08:12:22Z,true
12831,112000,275,2025-01-30T08:11:15Z,true
12831,108000,265,2025-01-30T08:09:20Z,true
12831,112000,275,2025-01-30T08:08:02Z,true
12831,116000,265,2025-01-30T08:07:39Z,false
12831,114000,270,2025-01-30T08:07:37Z,true
12831,129000,240,2025-01-30T08:05:21Z,false
12831,107000,275,2025-01-30T08:03:43Z,true
12831,114000,270,2025-01-30T08:02:34Z,true
12831,112000,275,2025-01-30T08:01:53Z,true
12831,114000,270,2025-01-30T08:01:47Z,true
12831,112000,275,2025-01-30T08:00:46Z,true
12831,113000,275,2025-01-30T07:58:11Z,false
12831,114000,270,2025-01-30T07:56:37Z,true
12831,115000,265,2025-01-30T07:55:14Z,false
12831,114000,270,2025-01-30T07:54:08Z,true
12831,112000,275,2025-01-30T07:53:05Z,false
12831,114000,265,2025-01-30T07:52:39Z,false
12831,112000,275,2025-01-30T07:46:26Z,true
12831,117000,260,2025-01-30T07:44:33Z,true
12831,114000,255,2025-01-30T07:44:00Z,true
12831,116000,265,2025-01-30T07:43:53Z,false
12831,115000,265,2025-01-30T07:42:46Z,false
12831,111000,270,2025-01-30T07:41:49Z,false
12831,114000,270,2025-01-30T07:41:21Z,true
12831,131000,240,2025-01-30T07:37:49Z,true
12831,119000,260,2025-01-30T07:36:42Z,true
12831,113000,255,2025-01-30T07:34:41Z,true
12831,111000,290,2025-01-30T07:34:34Z,false
12831,109000,275,2025-01-30T07:32:49Z,true
12831,114000,260,2025-01-30T07:27:19Z,false
12831,129000,245,2025-01-30T07:27:10Z,true
12831,113000,270,2025-01-30T07:25:08Z,true
12831,112000,280,2025-01-30T07:24:20Z,true
12831,113000,270,2025-01-30T07:23:59Z,true
12831,110000,280,2025-01-30T07:20:22Z,true
12831,113000,270,2025-01-30T07:19:50Z,true
12831,112000,280,2025-01-30T07:18:42Z,false
12831,121000,250,2025-01-30T07:15:03Z,true
12831,114000,250,2025-01-30T07:14:53Z,false
12831,112000,275,2025-01-30T07:14:44Z,true
12831,105000,285,2025-01-30T07:13:57Z,false
12831,112000,275,2025-01-30T07:13:04Z,true
12831,105000,285,2025-01-30T07:12:10Z,false
12831,112000,275,2025-01-30T07:10:56Z,true
12831,113000,270,2025-01-30T07:08:19Z,true
12831,113000,270,2025-01-30T07:05:42Z,true
12831,105000,300,2025-01-30T07:05:38Z,true
12831,112000,275,2025-01-30T07:04:45Z,true
12831,113000,270,2025-01-30T07:00:47Z,true
12831,126000,265,2025-01-30T06:59:32Z,true
12831,128000,245,2025-01-30T06:58:52Z,true
12831,114000,260,2025-01-30T06:58:28Z,false
12831,128000,245,2025-01-30T06:55:40Z,true
12831,112000,275,2025-01-30T06:55:06Z,true
12831,113000,255,2025-01-30T06:53:45Z,true
12831,116000,265,2025-01-30T06:53:25Z,false
12831,111000,260,2025-01-30T06:44:31Z,false
12831,114000,265,2025-01-30T06:44:19Z,false
12831,112000,280,2025-01-30T06:40:17Z,true
12831,109000,285,2025-01-30T06:39:27Z,true
12831,110000,260,2025-01-30T06:34:21Z,false
12831,107000,275,2025-01-30T06:31:46Z,true
12831,112000,275,2025-01-30T06:29:08Z,true
12831,128000,265,2025-01-30T06:28:35Z,true
12831,111000,280,2025-01-30T06:27:41Z,true
12831,115000,290,2025-01-30T06:27:14Z,true
12831,113000,270,2025-01-30T06:26:47Z,true
12831,112000,280,2025-01-30T06:26:43Z,true
12831,112000,295,2025-01-30T06:26:23Z,false
12831,112000,280,2025-01-30T06:25:13Z,false
12831,121000,250,2025-01-30T06:22:49Z,true
12831,111000,275,2025-01-30T06:21:35Z,true
12831,112000,280,2025-01-30T06:19:40Z,false
12831,112000,270,2025-01-30T06:18:36Z,false
12831,113000,270,2025-01-30T06:09:18Z,true
12831,128000,245,2025-01-30T06:06:50Z,true
12831,112000,270,2025-01-30T06:06:29Z,true
12831,112000,270,2025-01-30T06:05:53Z,false
12831,112000,280,2025-01-30T06:04:20Z,true
12831,111000,275,2025-01-30T06:00:51Z,true
12831,113000,280,2025-01-30T05:54:30Z,true
12831,112000,270,2025-01-30T05:53:15Z,true
12831,113000,260,2025-01-30T05:47:39Z,true
12831,113000,275,2025-01-30T05:47:06Z,true
12831,115000,265,2025-01-30T05:45:07Z,false
12831,110000,280,2025-01-30T05:44:14Z,true
12831,114000,270,2025-01-30T05:43:55Z,true
12831,109000,270,2025-01-30T05:43:27Z,true
12831,112000,270,2025-01-30T05:37:44Z,false
12831,116000,265,2025-01-30T05:37:24Z,false
12831,114000,270,2025-01-30T05:36:57Z,true
12831,115000,265,2025-01-30T05:34:48Z,false
12831,112000,290,2025-01-30T05:34:31Z,false
12831,110000,260,2025-01-30T05:33:54Z,false
12831,109000,260,2025-01-30T05:31:42Z,false
12831,113000,275,2025-01-30T05:30:45Z,true
12831,109000,270,2025-01-30T05:29:30Z,true
12831,109000,260,2025-01-30T05:27:51Z,false
12831,114000,270,2025-01-30T05:23:54Z,true
12831,114000,270,2025-01-30T05:22:44Z,true
12831,113000,255,2025-01-30T05:21:30Z,true
12831,113000,275,2025-01-30T05:20:43Z,true
12831,108000,260,2025-01-30T05:16:46Z,false
12831,107000,265,2025-01-30T05:16:36Z,true
12831,114000,270,2025-01-30T05:16:21Z,true
12831,100000,285,2025-01-30T05:09:51Z,true
12831,112000,265,2025-01-30T05:08:30Z,true
12831,113000,255,2025-01-30T05:04:11Z,true
12831,115000,265,2025-01-30T05:03:23Z,false
12831,109000,260,2025-01-30T05:02:06Z,false
12831,114000,270,2025-01-30T05:00:44Z,true
12831,129000,240,2025-01-30T04:55:58Z,false
12831,112000,280,2025-01-30T04:53:11Z,false
12831,122000,260,2025-01-30T04:51:22Z,true
12831,116000,265,2025-01-30T04:50:37Z,false
12831,110000,285,2025-01-30T04:48:15Z,true
12831,114000,270,2025-01-30T04:47:16Z,true
12831,105000,260,2025-01-30T04:46:34Z,true
12831,116000,265,2025-01-30T04:45:50Z,false
12831,109000,260,2025-01-30T04:39:33Z,false
12831,113000,255,2025-01-30T04:37:41Z,true
12831,113000,255,2025-01-30T04:37:33Z,true
12831,130000,265,2025-01-30T04:36:16Z,true
12831,115000,250,2025-01-30T04:33:47Z,false
12831,110000,270,2025-01-30T04:32:12Z,true
12831,109000,260,2025-01-30T04:30:59Z,false
12831,116000,280,2025-01-30T04:29:02Z,true
12831,115000,250,2025-01-30T04:28:29Z,false
12831,114000,270,2025-01-30T04:27:27Z,true
12831,119000,260,2025-01-30T04:24:18Z,true
12831,112000,270,2025-01-30T04:22:18Z,false
12831,105000,285,2025-01-30T04:19:02Z,false
12831,114000,270,2025-01-30T04:18:08Z,true
12831,112000,280,2025-01-30T04:15:23Z,false
12831,122000,250,2025-01-30T04:15:12Z,true
12831,115000,280,2025-01-30T04:14:55Z,true
12831,129000,265,2025-01-30T04:14:38Z,true
12831,116000,265,2025-01-30T04:13:24Z,false
12831,115000,280,2025-01-30T04:12:14Z,true
12831,116000,265,2025-01-30T04:12:12Z,false
12831,114000,250,2025-01-30T04:11:10Z,false
12831,114000,270,2025-01-30T04:09:00Z,true
12831,110000,290,2025-01-30T04:08:59Z,false
12831,113000,275,2025-01-30T04:05:19Z,true
12831,116000,265,2025-01-30T04:03:17Z,false
